"smart_sources:SALES_PLAN.md": {"path":"SALES_PLAN.md","last_embed":{"hash":"geo7k","at":1782976630769},"embeddings":{"TaylorAI/bge-micro-v2":{"vec":[-0.04348878,-0.02916236,0.00628908,-0.03224058,-0.0232206,0.0277279,-0.03483324,0.08407071,0.0321442,-0.0011594,-0.04670842,-0.03600314,0.08285556,0.05302623,0.01514581,0.00069987,0.0030031,-0.04678941,-0.01072103,0.03864904,0.1063674,-0.0189777,-0.02450643,0.00405754,0.0164715,-0.01973705,0.02284844,-0.03403525,-0.02582387,-0.14292893,0.00525553,-0.04326059,0.08277637,-0.01561878,0.0104776,0.00386815,-0.05995353,0.07300334,-0.00345258,0.04502186,-0.02872755,0.02661538,-0.00765602,-0.05283373,-0.00393765,-0.01983217,-0.00187467,-0.02041283,0.00592219,-0.03539849,-0.05405277,-0.03628876,-0.04649903,0.0323029,0.05555044,0.01239934,0.01893096,-0.00973123,0.00888143,0.08094376,0.05685279,-0.00704533,-0.26111224,0.04172266,-0.04080603,-0.00152226,-0.02890859,0.00728876,0.05066547,0.02036796,-0.05732627,-0.03340832,0.04276434,0.05496197,-0.05590874,0.00993258,-0.00428973,-0.01510918,-0.01238242,-0.03725674,-0.03269491,0.04116151,-0.06471644,-0.03250885,-0.01773838,0.01376786,0.04761639,0.00514563,0.04816952,0.0561107,0.02098298,-0.02267347,0.01701697,0.04280667,-0.06646642,0.02156605,0.00064515,0.05284326,-0.04948264,0.11399502,0.00412255,0.02544646,0.0292212,-0.04783244,0.01326096,-0.02504507,-0.09570635,0.03970214,-0.02758488,0.02272866,-0.06784178,-0.01156318,0.05464945,-0.05322957,0.00984945,0.04800034,0.03285335,-0.00427502,0.00908672,-0.08836533,0.04117484,0.02581865,0.0444761,0.01639131,-0.01650542,0.00236647,0.0454248,0.06104618,-0.01693513,0.02044976,0.02568114,0.00382921,-0.09175777,-0.00269093,-0.0120286,-0.00323288,-0.04313489,0.0519919,0.00576254,0.01791187,-0.04377092,-0.03221795,0.02214512,-0.10504428,0.01712827,0.08935773,-0.03812345,-0.00012787,-0.01676418,0.00696187,-0.01603821,0.09430592,0.00952193,-0.08380844,-0.0236476,0.02610307,0.02404631,0.09521227,-0.05293109,-0.01078085,-0.00715383,0.00709901,-0.08224842,0.07784418,0.0680435,-0.11880154,-0.02986321,-0.01101116,-0.01421945,-0.03339503,-0.06821598,0.0285868,-0.01839122,-0.00057649,0.12519883,0.02744054,0.02929874,-0.00011236,-0.06306089,0.04304708,0.01270713,-0.01554191,-0.04325739,0.00107539,-0.01314878,-0.0519896,-0.01168707,-0.02211384,0.02944909,-0.04305287,-0.08591421,0.00506924,-0.02002544,0.03817821,-0.03221391,-0.05713374,-0.06433319,0.00018333,0.06578864,-0.00451344,0.12739351,-0.00682582,-0.06649166,-0.03821163,-0.00498902,0.03473644,-0.00340291,-0.02690766,0.02300178,0.05406151,-0.04447011,0.04323507,0.0809621,0.037517,-0.04251403,-0.00457567,-0.03562389,0.03893467,0.00064323,0.05651653,0.05129283,0.02515993,-0.02850758,-0.21843198,0.01786996,-0.01187991,-0.03471216,-0.06191675,-0.01248224,0.00929021,-0.03415969,0.0780549,0.12883295,0.096626,0.05310614,-0.01018454,0.00904798,0.00743251,-0.01835836,-0.00488065,-0.00349594,-0.03467331,0.00079999,0.02433802,0.02701201,0.00132992,0.00318273,0.02283397,-0.03823739,0.14433064,-0.01084442,0.02625571,-0.01488134,0.06079882,0.07114596,-0.04325998,-0.03015606,0.07225034,0.03338243,-0.05249694,-0.00356146,-0.01682055,-0.03601508,-0.00800415,0.05278069,-0.0525452,-0.06008557,-0.04239242,-0.06116191,-0.029925,-0.01429083,-0.00609815,0.04388833,-0.01828158,0.01611395,0.07393954,0.03414669,0.07997697,0.00980145,-0.06053383,-0.05655091,0.00244843,0.0301341,-0.0423668,0.01946556,-0.02269697,-0.03146601,-0.00559194,0.00522818,0.02303037,0.0312806,-0.03965229,0.07210805,-0.02166321,0.0573656,0.02664229,0.02103766,0.01883964,-0.04782052,-0.02224549,-0.06228217,-0.03739714,0.03436279,0.03805483,-0.03946504,0.05424818,-0.00166059,0.04172592,0.03974743,0.07072882,-0.04533712,0.02278674,0.03428869,-0.03158348,-0.00279048,-0.02188174,-0.00804484,0.0815618,-0.00167085,-0.32073522,-0.03202864,-0.05886627,0.05056418,-0.00339452,0.03821249,-0.01632737,-0.06632238,-0.04718569,0.03877277,-0.05969887,0.04460793,0.03554011,-0.04043378,0.00762738,-0.03068548,0.03933512,0.00232031,0.11080972,-0.00190951,-0.0461906,0.02651679,0.20743977,0.03746507,0.01143879,0.00826261,-0.00206664,0.01178493,0.07885741,0.05016418,-0.04426312,-0.06697888,0.07936671,0.01190837,0.0070569,0.03609971,-0.03966988,0.0287272,0.02128538,-0.01018812,-0.07887658,0.0227418,-0.01785531,0.01888276,0.12910907,-0.01639122,-0.01400569,-0.03402977,-0.02081958,0.02314984,-0.02910745,-0.01762677,-0.02260128,-0.06465894,-0.00267074,0.00212401,0.0334809,-0.00238318,-0.01833053,0.00519018,0.0187296,-0.02423769,-0.03094573,0.05736523,0.05238537],"last_embed":{"tokens":476,"hash":"geo7k"}}},"last_read":{"hash":"geo7k","at":1782976631116},"class_name":"SmartSource","last_import":{"mtime":1782976576967,"size":5786,"at":1782976620383,"hash":"geo7k"},"blocks":{"#UI診断ディレクター 販売プラン（2026-07-02 確定）":[1,125],"#UI診断ディレクター 販売プラン（2026-07-02 確定）#決定事項":[3,21],"#UI診断ディレクター 販売プラン（2026-07-02 確定）#決定事項#{1}":[5,21],"#UI診断ディレクター 販売プラン（2026-07-02 確定）#販売準備フェーズ ロードマップ（3ヶ月助走 → 10月上旬発売）":[22,64],"#UI診断ディレクター 販売プラン（2026-07-02 確定）#販売準備フェーズ ロードマップ（3ヶ月助走 → 10月上旬発売）#{1}":[24,64],"#UI診断ディレクター 販売プラン（2026-07-02 確定）#週次タスク割当（7月〜9月・助走期間中）":[65,80],"#UI診断ディレクター 販売プラン（2026-07-02 確定）#週次タスク割当（7月〜9月・助走期間中）#{1}":[67,67],"#UI診断ディレクター 販売プラン（2026-07-02 確定）#週次タスク割当（7月〜9月・助走期間中）#{2}":[68,68],"#UI診断ディレクター 販売プラン（2026-07-02 確定）#週次タスク割当（7月〜9月・助走期間中）#{3}":[69,69],"#UI診断ディレクター 販売プラン（2026-07-02 確定）#週次タスク割当（7月〜9月・助走期間中）#{4}":[70,70],"#UI診断ディレクター 販売プラン（2026-07-02 確定）#週次タスク割当（7月〜9月・助走期間中）#{5}":[71,72],"#UI診断ディレクター 販売プラン（2026-07-02 確定）#週次タスク割当（7月〜9月・助走期間中）#{6}":[73,73],"#UI診断ディレクター 販売プラン（2026-07-02 確定）#週次タスク割当（7月〜9月・助走期間中）#{7}":[74,74],"#UI診断ディレクター 販売プラン（2026-07-02 確定）#週次タスク割当（7月〜9月・助走期間中）#{8}":[75,75],"#UI診断ディレクター 販売プラン（2026-07-02 確定）#週次タスク割当（7月〜9月・助走期間中）#{9}":[76,76],"#UI診断ディレクター 販売プラン（2026-07-02 確定）#週次タスク割当（7月〜9月・助走期間中）#{10}":[77,77],"#UI診断ディレクター 販売プラン（2026-07-02 確定）#週次タスク割当（7月〜9月・助走期間中）#{11}":[78,78],"#UI診断ディレクター 販売プラン（2026-07-02 確定）#週次タスク割当（7月〜9月・助走期間中）#{12}":[79,80],"#UI診断ディレクター 販売プラン（2026-07-02 確定）#原稿の想定構成（Brain 標準）":[81,94],"#UI診断ディレクター 販売プラン（2026-07-02 確定）#原稿の想定構成（Brain 標準）#{1}":[83,94],"#UI診断ディレクター 販売プラン（2026-07-02 確定）#保存場所ルール":[95,112],"#UI診断ディレクター 販売プラン（2026-07-02 確定）#保存場所ルール#{1}":[97,112],"#UI診断ディレクター 販売プラン（2026-07-02 確定）#Brain 独自の運用ルール（要確認事項）":[113,125],"#UI診断ディレクター 販売プラン（2026-07-02 確定）#Brain 独自の運用ルール（要確認事項）#{1}":[115,115],"#UI診断ディレクター 販売プラン（2026-07-02 確定）#Brain 独自の運用ルール（要確認事項）#{2}":[116,116],"#UI診断ディレクター 販売プラン（2026-07-02 確定）#Brain 独自の運用ルール（要確認事項）#{3}":[117,117],"#UI診断ディレクター 販売プラン（2026-07-02 確定）#Brain 独自の運用ルール（要確認事項）#{4}":[118,119],"#UI診断ディレクター 販売プラン（2026-07-02 確定）#Brain 独自の運用ルール（要確認事項）#{5}":[120,125]},"outlinks":[],"task_lines":[],"tasks":{},"codeblock_ranges":[[24,63],[97,111]],"key":"SALES_PLAN.md"},
"smart_blocks:SALES_PLAN.md#UI診断ディレクター 販売プラン（2026-07-02 確定）": {"path":null,"last_embed":{"hash":"geo7k","at":1782976630873},"embeddings":{"TaylorAI/bge-micro-v2":{"vec":[-0.0402572,-0.0291144,0.00390651,-0.03043273,-0.02241768,0.02781085,-0.03371876,0.07920551,0.03160764,-0.00496053,-0.04866035,-0.03785885,0.08557417,0.05346555,0.01238475,0.00586991,0.0016786,-0.04512687,-0.00763642,0.03424073,0.10468083,-0.02068067,-0.02725085,0.00443771,0.01935159,-0.01612371,0.02289267,-0.03343064,-0.02795302,-0.13872875,0.00713779,-0.04451925,0.08055685,-0.01838147,0.01568438,0.00378372,-0.06033596,0.0747684,-0.00482732,0.04468744,-0.02917808,0.02633971,-0.00121071,-0.04781934,-0.00459384,-0.01870289,0.0028109,-0.02274729,0.00412893,-0.03375446,-0.05384718,-0.03540985,-0.04599717,0.03079302,0.05560226,0.01065962,0.01912457,-0.00694441,0.00917566,0.07835275,0.05070446,-0.00337035,-0.26243395,0.03942508,-0.04490089,-0.00219012,-0.03067315,0.00815599,0.05187077,0.01981165,-0.05608362,-0.02833607,0.04362751,0.05654729,-0.05195665,0.01170635,-0.00731498,-0.01516152,-0.01498732,-0.03572638,-0.03648737,0.04240613,-0.06350225,-0.03372616,-0.0160844,0.01588896,0.04646116,0.00433073,0.04681652,0.05612744,0.02148968,-0.01988019,0.0146642,0.04374829,-0.06716605,0.01621679,0.00301695,0.05380085,-0.04986804,0.11288272,0.00114984,0.02594926,0.0278419,-0.0448938,0.01461327,-0.0303283,-0.09735695,0.03607108,-0.02935577,0.02293435,-0.07297776,-0.01502289,0.05616156,-0.05178143,0.01051431,0.04705441,0.03546863,-0.00799798,0.00923048,-0.08154621,0.04002363,0.0268718,0.04407346,0.01445546,-0.02219018,0.00094251,0.04141273,0.06103807,-0.01465694,0.01911113,0.02874527,0.00670609,-0.09214677,0.00016495,-0.01357639,-0.00268385,-0.04539381,0.05135914,0.00429163,0.01407033,-0.04781326,-0.02927203,0.02122023,-0.10865138,0.01244645,0.08772023,-0.0413295,0.00302195,-0.02042899,0.00784357,-0.01770603,0.09126344,0.01316521,-0.08054604,-0.01937836,0.02679624,0.02012789,0.09877332,-0.05475495,-0.01073368,-0.00774943,0.00642514,-0.08559601,0.0806409,0.06685711,-0.12025269,-0.02966396,-0.01250783,-0.01042816,-0.0327287,-0.06602931,0.02997735,-0.01741155,-0.00520368,0.12454352,0.02821831,0.03535406,-0.00178186,-0.0623113,0.04560291,0.01438094,-0.01381798,-0.04271135,0.00148739,-0.01736782,-0.0538108,-0.01220112,-0.02360587,0.03164808,-0.04405793,-0.08705661,0.00533713,-0.01915059,0.0332015,-0.03120496,-0.05731944,-0.06468188,0.00049753,0.06510773,-0.00897284,0.13393307,-0.00702462,-0.06974784,-0.03720419,-0.00643684,0.03093764,-0.00043581,-0.02915328,0.02020901,0.05498466,-0.04227266,0.04305682,0.07924222,0.04044735,-0.03837521,-0.00097455,-0.0312332,0.03568275,0.00383075,0.05635228,0.04978007,0.0262591,-0.0296959,-0.21634237,0.01792158,-0.01345923,-0.03458203,-0.06877998,-0.01421568,0.00247334,-0.03533978,0.07833248,0.12879963,0.09892017,0.05560392,-0.01132571,0.01449848,0.00626124,-0.01470475,-0.00448839,-0.00203063,-0.03599334,0.00264394,0.02270191,0.02804492,0.00669852,0.00290613,0.02581563,-0.03824096,0.14476219,-0.01181023,0.02569754,-0.01195742,0.06202104,0.07039689,-0.03974761,-0.02932946,0.07488216,0.03082903,-0.05234898,-0.00290868,-0.01240689,-0.03397217,-0.00397309,0.05242259,-0.04917116,-0.05924199,-0.03932717,-0.06313869,-0.02726179,-0.0144819,-0.00704486,0.04266511,-0.01928545,0.01510277,0.07217654,0.0314137,0.07945018,0.01037693,-0.0614982,-0.05186431,0.00080106,0.02821228,-0.04221646,0.01801318,-0.02485444,-0.02805722,-0.00670263,0.00581974,0.01985929,0.03371311,-0.04029133,0.07535829,-0.02188753,0.05461879,0.02587048,0.02093785,0.01650066,-0.0470391,-0.02195035,-0.06367063,-0.03341238,0.03216765,0.0432203,-0.03640316,0.05479049,-0.00350473,0.04106899,0.03652611,0.06764014,-0.04875896,0.02630905,0.03487977,-0.02930932,-0.00310479,-0.02290505,-0.01119086,0.08211771,-0.00189853,-0.32216364,-0.03185334,-0.0611232,0.04952648,-0.00316418,0.03623286,-0.01825132,-0.06454559,-0.04907244,0.03698078,-0.06068366,0.05071882,0.03572619,-0.04071742,0.008084,-0.03080096,0.04265628,-0.00064433,0.11068269,0.00171798,-0.04792111,0.02679564,0.20524505,0.03866515,0.01343277,0.0021333,-0.00322984,0.00866387,0.07988096,0.05081183,-0.04582937,-0.06678275,0.08459891,0.00967487,0.01153255,0.03809202,-0.03591323,0.02942368,0.01904675,-0.01143655,-0.08042236,0.02381319,-0.01844145,0.01575267,0.12711702,-0.01670386,-0.01593842,-0.03354039,-0.02194227,0.02383656,-0.02767391,-0.01897567,-0.02392792,-0.06232491,-0.00490528,0.00438257,0.03563229,-0.00156303,-0.0222165,0.00680354,0.021097,-0.02503032,-0.02786275,0.05743328,0.05528425],"last_embed":{"tokens":499,"hash":"geo7k"}}},"text":null,"length":0,"last_read":{"hash":"geo7k","at":1782976630873},"key":"SALES_PLAN.md#UI診断ディレクター 販売プラン（2026-07-02 確定）","lines":[1,125],"size":3048,"outlinks":[],"class_name":"SmartBlock"},
"smart_blocks:SALES_PLAN.md#UI診断ディレクター 販売プラン（2026-07-02 確定）#決定事項": {"path":null,"last_embed":{"hash":"1nafuud","at":1782976631017},"embeddings":{"TaylorAI/bge-micro-v2":{"vec":[-0.04592536,-0.02375577,0.00768378,-0.03256056,-0.01937495,0.02492111,-0.0278957,0.07389517,0.02910483,-0.00481945,-0.05023289,-0.03665817,0.08552197,0.05009749,0.0120343,0.00716501,0.00193848,-0.04426488,-0.01031058,0.03111925,0.10665687,-0.02124415,-0.02365434,0.00639022,0.01814782,-0.01572399,0.01837207,-0.03139967,-0.02199311,-0.14099485,0.00748093,-0.04382905,0.08055429,-0.01849678,0.01008582,0.00282635,-0.06072899,0.07632899,0.00190286,0.04733848,-0.02892437,0.02992174,-0.00100593,-0.04919707,-0.00173474,-0.02057,0.0010817,-0.02417388,0.00541863,-0.0370538,-0.05415516,-0.03594578,-0.04171678,0.03299654,0.05447255,0.00974476,0.02277561,-0.00570751,0.00594169,0.08193638,0.05338252,-0.00267771,-0.25941023,0.04352153,-0.04201575,-0.00166053,-0.02768883,0.00322517,0.05113757,0.01733768,-0.05823378,-0.02903772,0.04299373,0.05809616,-0.0504235,0.00711984,-0.00721178,-0.0188291,-0.01548717,-0.03476978,-0.03369591,0.04268446,-0.06547432,-0.03087753,-0.01177509,0.01320724,0.05012972,0.00623016,0.04635537,0.05455879,0.01797356,-0.02563292,0.02101595,0.0474273,-0.06499717,0.02043949,0.00126233,0.05681483,-0.04710477,0.11446334,0.00180922,0.02786871,0.02387056,-0.04734825,0.01522707,-0.02775337,-0.09156535,0.03933331,-0.03271247,0.02111315,-0.07174852,-0.00646711,0.0531325,-0.05239955,0.01347257,0.04558887,0.03563885,-0.00582439,0.01316718,-0.08244117,0.04267383,0.02702971,0.04564619,0.01104193,-0.01909297,0.0006136,0.04475055,0.05693309,-0.0167362,0.0232765,0.02805172,0.00770932,-0.09197524,-0.00220745,-0.01040033,0.0005231,-0.04897005,0.0438459,0.00179605,0.01174447,-0.04935025,-0.03667682,0.01999158,-0.10454143,0.01395993,0.08612268,-0.04275832,-0.00227271,-0.01848833,0.00206882,-0.02145595,0.09608155,0.00782289,-0.07484418,-0.01858983,0.02606998,0.01925041,0.09963328,-0.05416751,-0.00930579,-0.00805592,0.00737477,-0.08482105,0.08078656,0.06994695,-0.11664862,-0.03197376,-0.00931381,-0.0104807,-0.02549748,-0.06434656,0.02879025,-0.01977318,-0.00335327,0.12258893,0.03005082,0.02845394,0.00097496,-0.06473612,0.04625681,0.01284277,-0.01812385,-0.04767149,0.00630042,-0.01710335,-0.05458241,-0.00893407,-0.02303969,0.0327239,-0.04354641,-0.08414935,0.00828181,-0.02239319,0.04223707,-0.02748948,-0.05666468,-0.0617395,-0.00226124,0.0617302,-0.01325928,0.13536867,-0.00672519,-0.07093351,-0.03810008,-0.00606839,0.02801505,-0.00196081,-0.0282176,0.02120946,0.05394995,-0.04327349,0.03999381,0.08651931,0.03621885,-0.03704192,-0.00143149,-0.03228191,0.03510086,0.00343655,0.05303762,0.05016135,0.02603714,-0.03368379,-0.22208352,0.01964081,-0.01522235,-0.03840397,-0.07071969,-0.01757234,0.00718852,-0.03240388,0.08050662,0.12325565,0.09367737,0.06175118,-0.01164419,0.01592303,0.00963201,-0.01358435,0.00161662,-0.00241135,-0.03586373,0.00213893,0.01803995,0.03000066,0.00817348,0.00799363,0.02696317,-0.04006627,0.13917083,-0.01044905,0.02875359,-0.01253438,0.05890746,0.07146138,-0.03930274,-0.02929847,0.07698842,0.03148337,-0.05213734,-0.00242559,-0.01453708,-0.03730599,-0.00665311,0.05332869,-0.05143264,-0.06046777,-0.03599136,-0.06220405,-0.02571882,-0.02625879,-0.01042552,0.03885619,-0.01980159,0.02034609,0.0751979,0.0383465,0.0765601,0.01077336,-0.06409723,-0.05109565,-0.00020847,0.02650148,-0.04533974,0.01644144,-0.02530234,-0.03229805,-0.00943583,0.01064343,0.02061671,0.03183437,-0.03471524,0.07470606,-0.0243803,0.05627552,0.02118885,0.02511145,0.01473,-0.04745123,-0.02080139,-0.06324229,-0.03682201,0.03276891,0.04088918,-0.03317549,0.06263411,0.00090406,0.04370717,0.03523676,0.07235025,-0.05213273,0.02886634,0.03203104,-0.02873378,0.00061282,-0.02531849,-0.01981365,0.07848907,-0.00088365,-0.32613325,-0.03406727,-0.05334312,0.05192744,-0.0062047,0.03716717,-0.02308382,-0.07184573,-0.05231419,0.03710932,-0.05862091,0.04820124,0.0378236,-0.04362426,0.00797552,-0.02780789,0.04293018,-0.00116828,0.10362934,0.00253547,-0.05066318,0.02560045,0.20257144,0.04128109,0.01519488,0.00407005,-0.00819469,0.00956598,0.07734869,0.04692526,-0.04437344,-0.06751551,0.08459808,0.01205942,0.01077001,0.03626924,-0.03377226,0.03087109,0.01874861,-0.01104464,-0.08131891,0.02464776,-0.02430379,0.01725248,0.12642139,-0.01145752,-0.01469926,-0.0302437,-0.02285183,0.02287601,-0.02741431,-0.01631527,-0.0236816,-0.06218587,-0.00137341,0.00311299,0.03302541,-0.00009071,-0.0171246,0.00720014,0.01975013,-0.02052707,-0.02934081,0.06001731,0.05301],"last_embed":{"tokens":460,"hash":"1nafuud"}}},"text":null,"length":0,"last_read":{"hash":"1nafuud","at":1782976631017},"key":"SALES_PLAN.md#UI診断ディレクター 販売プラン（2026-07-02 確定）#決定事項","lines":[3,21],"size":767,"outlinks":[],"class_name":"SmartBlock"},
"smart_blocks:SALES_PLAN.md#UI診断ディレクター 販売プラン（2026-07-02 確定）#決定事項#{1}": {"path":null,"last_embed":{"hash":"1n6yox1","at":1782976631116},"embeddings":{"TaylorAI/bge-micro-v2":{"vec":[-0.04354285,-0.02662428,0.00729992,-0.03546457,-0.01885702,0.02551927,-0.03023023,0.07303371,0.0250477,-0.00364958,-0.05248308,-0.03392939,0.0843887,0.04623749,0.01008046,0.00639835,-0.00086268,-0.04591552,-0.01025667,0.03124747,0.10548028,-0.02008267,-0.02512371,0.00685189,0.0215773,-0.01391999,0.01779648,-0.03078924,-0.02221954,-0.13953908,0.00951422,-0.04371553,0.08013698,-0.01740228,0.01143017,0.00386307,-0.06021023,0.07784434,0.00046748,0.04369368,-0.02674742,0.02995376,-0.00055496,-0.05252478,-0.00108105,-0.02170778,0.00191858,-0.02478723,0.00465472,-0.03834134,-0.05590709,-0.03796412,-0.04077035,0.0308284,0.0562314,0.01054057,0.02090524,-0.00572886,0.00337522,0.08233501,0.05367489,-0.00245659,-0.25994796,0.04337922,-0.04054607,-0.00234816,-0.03070414,0.00499367,0.05172625,0.01928563,-0.05772102,-0.0303537,0.04551553,0.05723256,-0.05198079,0.00688842,-0.00619669,-0.01894556,-0.01638903,-0.03302169,-0.03250977,0.04265459,-0.0622886,-0.03288708,-0.01236197,0.00950197,0.04973141,0.00698295,0.04750381,0.05275007,0.01708606,-0.02507721,0.0203587,0.04864489,-0.06349139,0.02287265,0.00017256,0.0545504,-0.04599551,0.11552783,0.00110827,0.02757389,0.02269827,-0.04575551,0.01502089,-0.02568435,-0.09490725,0.03953598,-0.03218634,0.02328789,-0.07012906,-0.00515208,0.05425749,-0.0530958,0.01573533,0.04388794,0.03428194,-0.00743362,0.01362825,-0.08167973,0.04236981,0.02850307,0.04374168,0.01013096,-0.01788125,-0.00076357,0.04467465,0.05789103,-0.01528414,0.02148758,0.02758697,0.00767359,-0.09162769,-0.00452246,-0.01026011,0.00244503,-0.05105745,0.04339672,0.0006382,0.01101038,-0.048587,-0.03572026,0.01916417,-0.10573825,0.01485303,0.08662991,-0.04311082,-0.00475614,-0.01821993,0.00270401,-0.02380108,0.09598931,0.00995398,-0.07376946,-0.01785918,0.02722536,0.0171089,0.09753867,-0.05318507,-0.01072171,-0.00710917,0.00756304,-0.08374961,0.08075305,0.07233734,-0.11682002,-0.03236113,-0.01174321,-0.01126614,-0.02633777,-0.06508977,0.03111301,-0.01922528,-0.00359868,0.12160268,0.03095179,0.02821417,0.00394209,-0.06492243,0.04848505,0.01223209,-0.01889847,-0.04925085,0.00432489,-0.01567609,-0.05060739,-0.0089019,-0.02533742,0.0309273,-0.04314401,-0.08367398,0.00873122,-0.02135972,0.03977084,-0.02888166,-0.0555383,-0.06221371,-0.0018874,0.06404619,-0.01041714,0.1354674,-0.00543981,-0.06983127,-0.03717077,-0.00594127,0.03036006,-0.00227821,-0.0298156,0.02198358,0.05352907,-0.04289538,0.03824285,0.08643746,0.037804,-0.03924192,-0.00155179,-0.03237668,0.03362907,0.00153238,0.05339391,0.05188378,0.02375665,-0.03567123,-0.21964127,0.01914954,-0.01436787,-0.03795541,-0.07229814,-0.01766554,0.00531928,-0.0328294,0.08054883,0.12180505,0.09416877,0.06006656,-0.01255695,0.01285494,0.01025377,-0.01280114,0.00325866,-0.0029482,-0.0371816,0.00056122,0.0157207,0.03013709,0.00659708,0.00876848,0.02531902,-0.04145211,0.1393725,-0.01290627,0.02958168,-0.01281151,0.06034042,0.07063221,-0.03912446,-0.02726656,0.07695123,0.03305709,-0.05510167,-0.00249167,-0.01220676,-0.03572496,-0.00790919,0.05743914,-0.05156697,-0.06343051,-0.03724931,-0.0606252,-0.02294137,-0.02481796,-0.00650463,0.03797638,-0.02065831,0.02242345,0.0760258,0.03926456,0.08002129,0.01012127,-0.06210734,-0.05028206,-0.00314139,0.02821151,-0.04387984,0.01434479,-0.02462315,-0.03166875,-0.00817164,0.00970711,0.02134874,0.02871287,-0.03128057,0.07516996,-0.02141164,0.0559993,0.02119964,0.02841127,0.01633371,-0.04651712,-0.01905991,-0.06478462,-0.03712362,0.0342223,0.03797937,-0.03351375,0.06263855,0.00188491,0.04391412,0.03545827,0.07146605,-0.05274755,0.02860827,0.0326913,-0.02651254,0.00043408,-0.02447974,-0.01995149,0.0789873,-0.00426486,-0.32664737,-0.0328742,-0.05441729,0.05410772,-0.00935948,0.0400748,-0.02319391,-0.07190941,-0.05175814,0.03577032,-0.06167373,0.04638535,0.03970198,-0.04251995,0.00903701,-0.02690903,0.04313693,0.00044273,0.10257336,0.00217408,-0.05006004,0.03065769,0.20188911,0.0383407,0.01399354,0.00463327,-0.007668,0.01030732,0.08137099,0.04569942,-0.0445713,-0.06746528,0.08577797,0.01334762,0.01229521,0.033898,-0.0379873,0.02830159,0.01956647,-0.00875038,-0.07962882,0.02670665,-0.02607674,0.01638658,0.12672,-0.01383126,-0.01614815,-0.03056475,-0.02251162,0.02309511,-0.0255052,-0.01725924,-0.02527641,-0.06004081,-0.00042277,0.00199938,0.03466038,0.00397878,-0.01876413,0.00629715,0.01840572,-0.02287994,-0.02947614,0.06118655,0.05305206],"last_embed":{"tokens":459,"hash":"1n6yox1"}}},"text":null,"length":0,"last_read":{"hash":"1n6yox1","at":1782976631116},"key":"SALES_PLAN.md#UI診断ディレクター 販売プラン（2026-07-02 確定）#決定事項#{1}","lines":[5,21],"size":758,"outlinks":[],"class_name":"SmartBlock"},
"smart_blocks:SALES_PLAN.md#UI診断ディレクター 販売プラン（2026-07-02 確定）#販売準備フェーズ ロードマップ（3ヶ月助走 → 10月上旬発売）": {"path":null,"last_embed":{"hash":"1anvoyd","at":1782975306548},"embeddings":{"TaylorAI/bge-micro-v2":{"vec":[-0.05309862,-0.0399638,0.01738484,-0.04279346,-0.02532974,0.02963453,-0.05042036,0.04044992,0.01570026,0.00700903,-0.05483788,-0.03065902,0.07940049,0.03883155,-0.01234348,-0.01615627,0.00215474,-0.04622965,-0.01481123,0.0214991,0.10356749,-0.01643398,-0.02303502,-0.0075452,0.02560031,-0.01321808,0.00688882,-0.0030077,-0.04014649,-0.14094613,-0.01264811,-0.02948246,0.06960882,-0.02595564,0.01014261,-0.00752941,-0.03205428,0.08686313,-0.03465954,0.03994882,-0.01351682,0.0201299,-0.01379137,-0.04991896,0.02655388,-0.01150129,0.00440302,-0.03514043,0.02928371,-0.05775037,-0.03713949,-0.03380758,-0.04052305,0.03783677,0.03584533,0.01653287,0.0221989,-0.01068424,-0.0007695,0.06509478,0.04142257,0.0000953,-0.25769284,0.03375409,-0.00083583,-0.0050691,-0.02739167,-0.01798248,0.01634238,0.01756179,-0.05107739,-0.01990618,0.03475525,0.04248174,-0.03284908,-0.01688186,-0.00070699,-0.0100825,-0.04136721,-0.02675368,-0.03731686,0.04701795,-0.03924453,-0.02579211,-0.03450148,-0.0085427,0.02840373,-0.00653014,0.03659888,0.03045403,0.01303575,-0.04852047,-0.00450338,0.05580969,-0.05760193,0.0256236,0.00481541,0.05927445,-0.03275066,0.12120397,-0.0075025,0.01613812,0.02769965,-0.03583033,0.01955167,-0.0107176,-0.08318913,0.01578554,-0.02376219,0.03896261,-0.07054926,-0.0271425,0.05078955,-0.07127301,0.01899957,0.01343084,0.03624784,-0.02084906,0.02142545,-0.08271654,0.05636622,0.06114712,0.03785769,-0.00998023,-0.0124272,-0.01110408,0.02466891,0.06611002,-0.01092802,0.00389252,0.01326254,0.02000232,-0.11600038,-0.01697478,0.00687954,-0.01386994,-0.04530118,0.05540413,0.00352956,-0.00548006,-0.05325621,-0.04347306,0.0228747,-0.10374483,0.00862023,0.09844525,-0.04736208,-0.03020701,-0.01318549,0.00363068,-0.03605817,0.09172234,0.00847421,-0.07601783,-0.0023541,0.04701478,0.04179566,0.09986799,-0.02731291,-0.0101507,0.00930643,-0.00988478,-0.09717243,0.07224097,0.09089757,-0.12117185,-0.03965919,-0.0143336,0.00015085,-0.026185,-0.06405155,0.0409167,-0.0225745,-0.02191139,0.13297948,0.02536583,0.03905946,-0.02079344,-0.07058872,0.03859829,0.00451119,-0.00740997,-0.03408371,-0.0005897,0.00579022,-0.05398143,0.0110466,-0.02974839,0.02975182,-0.04208921,-0.08591961,0.03194971,-0.03200541,0.02842002,-0.04373598,-0.06740409,-0.0647212,-0.02580761,0.07166274,-0.00454064,0.13695344,0.00410112,-0.03031748,-0.03322029,0.01212682,0.02319624,0.00999442,-0.05306963,0.02879526,0.06559797,-0.0181074,0.02267328,0.07647889,0.03795514,-0.03607172,0.00105679,-0.03049973,0.0133986,0.00999839,0.0583677,0.04834434,0.07480244,-0.04938433,-0.20940819,0.02372371,-0.01147341,-0.04795409,-0.0674717,-0.02899954,0.00015139,-0.03878926,0.07509839,0.09823939,0.1171203,0.07519363,-0.01089638,-0.00229798,-0.00967402,-0.02192454,0.01869029,0.01165526,-0.0355704,0.01856566,0.02365764,0.03617687,0.00361139,-0.01516986,0.03830237,-0.02310565,0.14147075,-0.00937106,0.03344068,0.00037377,0.07253988,0.06737369,-0.04218369,-0.05017617,0.06623905,0.0513803,-0.0596199,-0.01863642,-0.01540839,-0.03115568,-0.01321298,0.07309525,-0.03622191,-0.06126894,-0.03720457,-0.08719274,-0.00050933,0.00772179,-0.00480557,0.02359677,-0.01913334,0.01713528,0.05692355,0.03783249,0.08270319,0.0010056,-0.05450018,-0.04586311,0.01037801,0.03616274,-0.00626262,0.03544918,-0.01928487,-0.02073471,-0.02440166,0.01202216,0.01842203,0.01566211,-0.02765544,0.05944438,-0.01068981,0.07902603,0.02692725,0.03434632,0.02280913,-0.04934982,-0.0067203,-0.04484211,-0.02964076,0.01549335,0.01455994,-0.03257382,0.06337664,0.02438106,0.02950776,0.0473456,0.05060143,-0.02213458,0.0045999,0.02538641,-0.01673802,-0.01028682,-0.01393753,-0.00181017,0.08353259,-0.0006215,-0.31782717,-0.01259956,-0.05005108,0.04927002,-0.00422556,0.03350125,-0.02758657,-0.07768295,-0.05811237,0.02865212,-0.09266681,0.06096202,0.05543181,-0.02353201,0.02271528,-0.01587095,0.03345769,-0.01992531,0.08167716,-0.00169204,-0.04236123,0.0322901,0.20535003,0.03823207,0.00565161,0.00421685,-0.01445396,0.02953673,0.08433639,0.03064303,-0.03329119,-0.07178167,0.07618532,0.045124,0.02173714,0.03692991,-0.05108356,0.0365963,0.04105236,0.00533829,-0.07528003,0.04885323,-0.04504815,0.00540389,0.12307441,-0.03507483,-0.01213339,-0.05286529,-0.00887216,0.03683601,-0.03299493,-0.01476609,-0.03096286,-0.04743341,0.00802271,0.00344924,0.02055996,0.00418862,-0.01640671,0.01829285,0.03967515,0.01035343,-0.01465946,0.04106415,0.06342734],"last_embed":{"tokens":466,"hash":"1anvoyd"}}},"text":null,"length":0,"last_read":{"at":1782976620342,"hash":"1anvoyd"},"key":"SALES_PLAN.md#UI診断ディレクター 販売プラン（2026-07-02 確定）#販売準備フェーズ ロードマップ（3ヶ月助走 → 10月上旬発売）","lines":[22,64],"size":949,"outlinks":[],"class_name":"SmartBlock"},
"smart_blocks:SALES_PLAN.md#UI診断ディレクター 販売プラン（2026-07-02 確定）#販売準備フェーズ ロードマップ（3ヶ月助走 → 10月上旬発売）#{1}": {"path":null,"last_embed":{"hash":"ouoj9f","at":1782975306677},"embeddings":{"TaylorAI/bge-micro-v2":{"vec":[-0.05162926,-0.03836721,0.01934797,-0.04214415,-0.02468019,0.03023758,-0.05235817,0.04162902,0.01550143,0.00847872,-0.05440849,-0.0292628,0.08056813,0.03787299,-0.01199024,-0.01494942,0.00337897,-0.04537136,-0.01594302,0.02182892,0.10147214,-0.01449649,-0.02270537,-0.00753697,0.02510782,-0.01220979,0.00605646,-0.00239396,-0.04134187,-0.14050902,-0.01280938,-0.02866598,0.06799722,-0.02383579,0.01062935,-0.00845392,-0.03345829,0.08663692,-0.03777143,0.03763725,-0.00957742,0.01851557,-0.0131479,-0.05070947,0.02594337,-0.01348452,0.00533726,-0.03463212,0.02991911,-0.06027592,-0.03426762,-0.03235793,-0.03971689,0.0365811,0.03230338,0.01559811,0.02187084,-0.00957806,0.00220283,0.06423476,0.0409989,-0.00347411,-0.26005453,0.03272012,-0.00077084,-0.00372664,-0.02773865,-0.01514888,0.01410479,0.01717679,-0.04894411,-0.01846301,0.03534144,0.04108579,-0.03335938,-0.0179113,0.00141665,-0.00985526,-0.04545739,-0.02568926,-0.0344798,0.04758508,-0.03724831,-0.02832077,-0.03542516,-0.01128498,0.02981967,-0.00670131,0.03763402,0.02903672,0.01415844,-0.04835006,-0.00366636,0.05569723,-0.05800888,0.02517927,0.00706218,0.05860551,-0.02994979,0.12258649,-0.00757309,0.01350808,0.02852523,-0.03696137,0.0179594,-0.00764332,-0.08230332,0.01540724,-0.02471236,0.0390916,-0.07326066,-0.02801948,0.05085478,-0.07200716,0.01978223,0.01172774,0.03673156,-0.01998945,0.02076923,-0.08179621,0.05800988,0.06224279,0.03859974,-0.01073795,-0.01322095,-0.01255123,0.02720507,0.06641004,-0.0112762,0.0027218,0.01304413,0.01967334,-0.11937024,-0.019541,0.00964441,-0.01512401,-0.04514252,0.05645692,0.0034998,-0.00475717,-0.05575519,-0.04580085,0.02511245,-0.10462438,0.0089482,0.0994458,-0.04598951,-0.02957771,-0.01338578,0.00582951,-0.0351972,0.09435599,0.00819768,-0.07686368,-0.00049653,0.04531018,0.04302882,0.09905215,-0.02693557,-0.00917349,0.00951768,-0.01141597,-0.09565841,0.0711856,0.09005591,-0.11946832,-0.0370713,-0.0126092,0.0002026,-0.02622588,-0.06516288,0.03904795,-0.02433601,-0.02365674,0.13483641,0.02444101,0.04072408,-0.02371857,-0.07300372,0.04028683,0.00364693,-0.00574775,-0.03087387,0.00073396,0.00782654,-0.05061909,0.01130611,-0.02999266,0.02865242,-0.04082893,-0.08374315,0.03123072,-0.03379254,0.02766252,-0.04535703,-0.06629308,-0.06368955,-0.02554663,0.07258885,-0.00408805,0.13660578,0.00165603,-0.02756848,-0.03461428,0.01229805,0.02333553,0.0124265,-0.05505621,0.02507728,0.06585804,-0.01816393,0.02307293,0.07557517,0.03727438,-0.03622253,0.00108544,-0.03294774,0.01234145,0.00872912,0.05762407,0.04608407,0.07457431,-0.04793156,-0.2081883,0.02330594,-0.01180018,-0.04860142,-0.06582002,-0.02829393,-0.00136607,-0.03760401,0.07411831,0.09837626,0.11891638,0.07466861,-0.00959321,-0.00409487,-0.00968499,-0.0202976,0.02018595,0.01311428,-0.03391374,0.01912818,0.02356464,0.03759851,0.00380465,-0.01590429,0.03946706,-0.02247328,0.140616,-0.00891229,0.03194664,0.00208355,0.07388816,0.06498947,-0.0440462,-0.04928754,0.06890895,0.04823056,-0.0600842,-0.02082336,-0.01268648,-0.03039395,-0.01130851,0.07380904,-0.03547959,-0.06143404,-0.03424456,-0.09113239,0.00095127,0.01123493,-0.00693126,0.02289214,-0.01977922,0.01759324,0.05794683,0.03694189,0.08349272,0.00155013,-0.05405493,-0.04412051,0.01477063,0.03539703,-0.00484199,0.03679782,-0.01719219,-0.0199356,-0.02277182,0.01133998,0.01626781,0.01503006,-0.02776808,0.0582426,-0.0126747,0.0778375,0.02597208,0.03363893,0.02232109,-0.05004282,-0.00738415,-0.04665152,-0.03074825,0.01171891,0.0169674,-0.03446903,0.06231752,0.02523033,0.02933525,0.04626526,0.05029832,-0.01849397,0.003561,0.02695487,-0.01822172,-0.01117768,-0.01528664,-0.0000192,0.08135205,0.00233292,-0.31571206,-0.0131657,-0.05149395,0.04999584,-0.00400386,0.03128259,-0.02822078,-0.07908136,-0.05833698,0.02786387,-0.09515882,0.05977073,0.05509052,-0.02339587,0.02181893,-0.0161595,0.03173441,-0.02070499,0.08500186,-0.00009778,-0.04240692,0.02938278,0.20383838,0.03882798,0.00561599,0.0018486,-0.01453628,0.0293576,0.08339471,0.02997787,-0.03439944,-0.07249133,0.07896667,0.04759255,0.02158035,0.03627245,-0.05050141,0.03679152,0.04060597,0.00499676,-0.0756344,0.04871381,-0.04606623,0.0049325,0.12238304,-0.03737151,-0.00883279,-0.05390801,-0.00823675,0.03590081,-0.03302724,-0.01291395,-0.03402405,-0.04818229,0.00920823,0.00335384,0.0188062,0.003222,-0.01551685,0.01687893,0.03950969,0.00966192,-0.01419546,0.04214577,0.06458755],"last_embed":{"tokens":465,"hash":"ouoj9f"}}},"text":null,"length":0,"last_read":{"at":1782976620342,"hash":"ouoj9f"},"key":"SALES_PLAN.md#UI診断ディレクター 販売プラン（2026-07-02 確定）#販売準備フェーズ ロードマップ（3ヶ月助走 → 10月上旬発売）#{1}","lines":[24,64],"size":912,"outlinks":[],"class_name":"SmartBlock"},
"smart_blocks:SALES_PLAN.md#UI診断ディレクター 販売プラン（2026-07-02 確定）#週次タスク割当（7月〜9月・助走期間中）": {"path":null,"last_embed":{"hash":"m1cg1q","at":1782975306802},"embeddings":{"TaylorAI/bge-micro-v2":{"vec":[-0.06410203,-0.05018869,0.03651085,-0.01911724,-0.04439656,0.02616404,-0.00557804,0.06949431,0.02875787,-0.00859634,-0.03899296,-0.00399241,0.09926353,0.05373083,-0.00084025,-0.01508879,0.01408671,-0.03654489,-0.05606407,0.02979104,0.13317427,-0.02048006,-0.03009371,-0.00584179,0.01772133,-0.01237283,0.00120804,-0.03667246,-0.03724551,-0.13940856,-0.05646385,-0.00828535,0.11035752,-0.06095083,0.03278661,0.00835428,-0.03544717,0.06016342,-0.02799683,0.06114361,-0.01345579,0.0198936,0.02128455,-0.04085228,0.02869453,-0.00585552,-0.00834773,-0.0511537,0.02274619,0.00454862,-0.04734254,-0.02049667,-0.04771675,0.04471521,0.0285797,-0.00762531,0.01436966,-0.01404489,0.02836627,0.06146115,0.05191208,-0.01717478,-0.2522372,0.04390591,-0.03918594,-0.01367543,-0.04847835,-0.01317759,0.01474141,0.0105254,-0.05053611,-0.00393138,0.02449995,0.03872336,-0.02190067,-0.03216216,0.00662677,-0.02611575,-0.04407148,-0.05111682,-0.03074688,0.05202007,-0.06466267,-0.02823746,-0.04925904,0.00675823,0.03843884,-0.03294129,0.04344622,0.04813256,0.02316278,-0.02800013,-0.04114532,0.06145405,-0.08276324,-0.01107441,0.01387195,0.06799761,-0.03257558,0.12909527,-0.02083279,-0.00905126,0.05070678,-0.02923307,-0.01648125,-0.03712428,-0.03452529,0.00261785,-0.00641421,0.03672083,-0.10514542,-0.01333821,0.0004248,-0.07733204,-0.00708955,0.0162981,0.04359607,-0.01128187,0.00155271,-0.0926883,0.04761112,0.02830486,0.03985744,0.00268128,-0.01328995,-0.00130716,0.00398287,0.07004382,-0.00609755,0.0303458,0.05905423,-0.00923316,-0.09272502,0.01315516,-0.00369953,0.00666053,-0.00851705,0.01097529,0.00539047,-0.00370733,-0.05066877,-0.02943006,0.03763061,-0.10070905,0.01108487,0.11543716,-0.04967347,-0.00806789,-0.02083841,0.01577157,-0.04621243,0.08119442,-0.01246404,-0.06280512,0.00575321,0.01263547,0.04919708,0.09847998,-0.0370817,0.00118466,-0.00498626,-0.0209885,-0.07827427,0.09276903,0.06491654,-0.06637254,-0.02942941,-0.01499793,-0.00473943,-0.04378361,-0.04964771,0.0067099,-0.02082503,0.00102328,0.13147464,0.02229816,0.03811293,-0.05124062,-0.06838448,0.03069122,-0.00070979,-0.01305248,-0.03283118,-0.02147771,0.01321353,-0.06505709,0.01621114,-0.01181273,0.03545874,-0.00093053,-0.10467281,0.0077047,-0.04977287,0.04239359,-0.04955256,-0.06193421,-0.06247093,-0.01524943,0.05028856,-0.02352887,0.13591141,-0.02125776,-0.04515154,-0.02659086,0.01944892,0.00645974,0.01276506,-0.01530075,0.03979315,0.06644932,-0.02805987,0.0491678,0.08021219,0.05804794,-0.01455976,0.01726062,-0.01228881,0.0176214,0.01865027,0.06265614,0.03238792,0.01477141,-0.0363653,-0.21173199,0.0446652,0.00020489,-0.0359449,-0.03842582,-0.0239448,0.00788925,-0.02316299,0.06250391,0.11536879,0.11418986,0.04133991,-0.02675202,0.03373343,-0.00932151,-0.00129809,0.01608059,-0.00486455,-0.00354683,0.00537011,0.02437923,0.00578122,0.01504804,-0.00339732,0.04360615,-0.02281606,0.12772152,0.00568445,0.05644855,0.00825947,0.04541835,0.06315982,-0.04705959,-0.0519261,0.05106384,0.04750612,-0.06581841,-0.03738331,-0.00463693,-0.07911251,-0.01175353,0.04772395,-0.05858507,-0.04807551,-0.04989247,-0.0600227,-0.00946538,0.04103325,-0.00863979,0.03856017,-0.0127382,-0.01436957,0.06281502,0.03245474,0.06918294,-0.02742511,-0.03624672,-0.02078011,0.00669268,0.04710366,0.00635619,0.02228374,-0.01121057,-0.03652154,-0.02873152,0.00458536,0.02193985,0.01854375,-0.0384739,0.05699635,-0.00170506,0.05250002,0.03898475,0.03228103,0.02962092,-0.03769135,-0.00599778,-0.06489486,-0.03212997,0.04987413,0.01808127,-0.03422061,0.02932077,0.00052142,0.03731335,0.03479967,0.06944085,-0.02283623,0.02520386,0.00645883,-0.02199664,-0.04211466,-0.03667813,-0.00830577,0.0697418,0.00351259,-0.30972308,-0.0267376,-0.02932718,0.04371969,0.00741257,0.03872139,0.01010483,-0.0372536,-0.03934645,0.04198226,-0.07426058,0.05814335,0.03999887,-0.04539719,0.01441215,-0.0206038,0.04425335,-0.00929873,0.12445799,0.00759472,-0.02557343,0.01058133,0.21566546,0.03578246,0.00366884,-0.04838014,-0.00750551,0.00838118,0.08773493,0.00677055,-0.03227731,-0.05436024,0.091623,0.00783273,0.01059118,0.0421987,-0.03807038,0.02793892,0.00866761,-0.0067109,-0.06566234,0.01104085,-0.06138175,0.0327706,0.1271995,-0.01725782,-0.03098605,-0.05459856,-0.0298248,0.02293326,-0.03287649,-0.00741788,-0.00954684,-0.02930409,-0.00884479,0.04246911,0.03410067,-0.01020739,-0.0520761,-0.01643858,0.04271734,0.00418588,0.01874173,0.06064978,0.06021978],"last_embed":{"tokens":251,"hash":"m1cg1q"}}},"text":null,"length":0,"last_read":{"at":1782976620342,"hash":"m1cg1q"},"key":"SALES_PLAN.md#UI診断ディレクター 販売プラン（2026-07-02 確定）#週次タスク割当（7月〜9月・助走期間中）","lines":[65,80],"size":276,"outlinks":[],"class_name":"SmartBlock"},
"smart_blocks:SALES_PLAN.md#UI診断ディレクター 販売プラン（2026-07-02 確定）#週次タスク割当（7月〜9月・助走期間中）#{1}": {"path":null,"last_embed":{"hash":null},"embeddings":{},"text":null,"length":0,"last_read":{"at":1782976620342,"hash":"17nsfnf"},"key":"SALES_PLAN.md#UI診断ディレクター 販売プラン（2026-07-02 確定）#週次タスク割当（7月〜9月・助走期間中）#{1}","lines":[67,67],"size":20,"outlinks":[],"class_name":"SmartBlock"},
"smart_blocks:SALES_PLAN.md#UI診断ディレクター 販売プラン（2026-07-02 確定）#週次タスク割当（7月〜9月・助走期間中）#{2}": {"path":null,"last_embed":{"hash":null},"embeddings":{},"text":null,"length":0,"last_read":{"at":1782976620342,"hash":"tg7cu8"},"key":"SALES_PLAN.md#UI診断ディレクター 販売プラン（2026-07-02 確定）#週次タスク割当（7月〜9月・助走期間中）#{2}","lines":[68,68],"size":30,"outlinks":[],"class_name":"SmartBlock"},
"smart_blocks:SALES_PLAN.md#UI診断ディレクター 販売プラン（2026-07-02 確定）#週次タスク割当（7月〜9月・助走期間中）#{3}": {"path":null,"last_embed":{"hash":null},"embeddings":{},"text":null,"length":0,"last_read":{"at":1782976620342,"hash":"dxf4li"},"key":"SALES_PLAN.md#UI診断ディレクター 販売プラン（2026-07-02 確定）#週次タスク割当（7月〜9月・助走期間中）#{3}","lines":[69,69],"size":18,"outlinks":[],"class_name":"SmartBlock"},
"smart_blocks:SALES_PLAN.md#UI診断ディレクター 販売プラン（2026-07-02 確定）#週次タスク割当（7月〜9月・助走期間中）#{4}": {"path":null,"last_embed":{"hash":null},"embeddings":{},"text":null,"length":0,"last_read":{"at":1782976620342,"hash":"19k39f0"},"key":"SALES_PLAN.md#UI診断ディレクター 販売プラン（2026-07-02 確定）#週次タスク割当（7月〜9月・助走期間中）#{4}","lines":[70,70],"size":34,"outlinks":[],"class_name":"SmartBlock"},
"smart_blocks:SALES_PLAN.md#UI診断ディレクター 販売プラン（2026-07-02 確定）#週次タスク割当（7月〜9月・助走期間中）#{5}": {"path":null,"last_embed":{"hash":null},"embeddings":{},"text":null,"length":0,"last_read":{"at":1782976620342,"hash":"y5y707"},"key":"SALES_PLAN.md#UI診断ディレクター 販売プラン（2026-07-02 確定）#週次タスク割当（7月〜9月・助走期間中）#{5}","lines":[71,72],"size":20,"outlinks":[],"class_name":"SmartBlock"},
"smart_blocks:SALES_PLAN.md#UI診断ディレクター 販売プラン（2026-07-02 確定）#週次タスク割当（7月〜9月・助走期間中）#{6}": {"path":null,"last_embed":{"hash":null},"embeddings":{},"text":null,"length":0,"last_read":{"at":1782976620342,"hash":"ekj52h"},"key":"SALES_PLAN.md#UI診断ディレクター 販売プラン（2026-07-02 確定）#週次タスク割当（7月〜9月・助走期間中）#{6}","lines":[73,73],"size":22,"outlinks":[],"class_name":"SmartBlock"},
"smart_blocks:SALES_PLAN.md#UI診断ディレクター 販売プラン（2026-07-02 確定）#週次タスク割当（7月〜9月・助走期間中）#{7}": {"path":null,"last_embed":{"hash":null},"embeddings":{},"text":null,"length":0,"last_read":{"at":1782976620342,"hash":"1q1p1bz"},"key":"SALES_PLAN.md#UI診断ディレクター 販売プラン（2026-07-02 確定）#週次タスク割当（7月〜9月・助走期間中）#{7}","lines":[74,74],"size":15,"outlinks":[],"class_name":"SmartBlock"},
"smart_blocks:SALES_PLAN.md#UI診断ディレクター 販売プラン（2026-07-02 確定）#週次タスク割当（7月〜9月・助走期間中）#{8}": {"path":null,"last_embed":{"hash":null},"embeddings":{},"text":null,"length":0,"last_read":{"at":1782976620342,"hash":"c2xs5b"},"key":"SALES_PLAN.md#UI診断ディレクター 販売プラン（2026-07-02 確定）#週次タスク割当（7月〜9月・助走期間中）#{8}","lines":[75,75],"size":17,"outlinks":[],"class_name":"SmartBlock"},
"smart_blocks:SALES_PLAN.md#UI診断ディレクター 販売プラン（2026-07-02 確定）#週次タスク割当（7月〜9月・助走期間中）#{9}": {"path":null,"last_embed":{"hash":null},"embeddings":{},"text":null,"length":0,"last_read":{"at":1782976620342,"hash":"1g3pnti"},"key":"SALES_PLAN.md#UI診断ディレクター 販売プラン（2026-07-02 確定）#週次タスク割当（7月〜9月・助走期間中）#{9}","lines":[76,76],"size":12,"outlinks":[],"class_name":"SmartBlock"},
"smart_blocks:SALES_PLAN.md#UI診断ディレクター 販売プラン（2026-07-02 確定）#週次タスク割当（7月〜9月・助走期間中）#{10}": {"path":null,"last_embed":{"hash":null},"embeddings":{},"text":null,"length":0,"last_read":{"at":1782976620342,"hash":"zqvlcc"},"key":"SALES_PLAN.md#UI診断ディレクター 販売プラン（2026-07-02 確定）#週次タスク割当（7月〜9月・助走期間中）#{10}","lines":[77,77],"size":15,"outlinks":[],"class_name":"SmartBlock"},
"smart_blocks:SALES_PLAN.md#UI診断ディレクター 販売プラン（2026-07-02 確定）#週次タスク割当（7月〜9月・助走期間中）#{11}": {"path":null,"last_embed":{"hash":null},"embeddings":{},"text":null,"length":0,"last_read":{"at":1782976620342,"hash":"1iizacy"},"key":"SALES_PLAN.md#UI診断ディレクター 販売プラン（2026-07-02 確定）#週次タスク割当（7月〜9月・助走期間中）#{11}","lines":[78,78],"size":14,"outlinks":[],"class_name":"SmartBlock"},
"smart_blocks:SALES_PLAN.md#UI診断ディレクター 販売プラン（2026-07-02 確定）#週次タスク割当（7月〜9月・助走期間中）#{12}": {"path":null,"last_embed":{"hash":null},"embeddings":{},"text":null,"length":0,"last_read":{"at":1782976620342,"hash":"iykwo"},"key":"SALES_PLAN.md#UI診断ディレクター 販売プラン（2026-07-02 確定）#週次タスク割当（7月〜9月・助走期間中）#{12}","lines":[79,80],"size":23,"outlinks":[],"class_name":"SmartBlock"},
"smart_blocks:SALES_PLAN.md#UI診断ディレクター 販売プラン（2026-07-02 確定）#原稿の想定構成（Brain 標準）": {"path":null,"last_embed":{"hash":"145q8b4","at":1782975306860},"embeddings":{"TaylorAI/bge-micro-v2":{"vec":[-0.02709568,-0.03764752,0.02361166,-0.00623496,-0.04919136,0.04922906,0.00296246,0.06856175,0.03686775,-0.013003,-0.04181647,-0.03304916,0.07560153,0.06809513,0.0157367,-0.02774698,-0.00256314,-0.02856487,-0.04027658,0.02200178,0.12950161,-0.0357292,-0.04911818,-0.0264403,0.02292918,-0.01157004,-0.00593182,-0.02371563,-0.03020768,-0.13295105,-0.03521831,-0.00811914,0.08824871,-0.0485372,0.00317647,0.0056551,-0.05226232,0.06740189,-0.01822207,0.05043416,-0.01267934,0.02882845,-0.00493185,-0.03275142,0.0244321,-0.00966985,-0.02614207,-0.03405987,0.01131979,-0.00940672,-0.05502569,0.00091243,-0.04671759,0.03555599,0.03189733,0.00097742,0.0062803,-0.00849797,0.01988315,0.04468957,0.02791424,-0.00438242,-0.23395245,0.03383815,-0.03088145,-0.0165961,-0.04363002,0.00442732,0.03211014,-0.00949038,-0.05701657,-0.01839489,0.03355075,0.05499504,-0.03374764,-0.01240499,-0.02419587,-0.00600397,-0.01620265,-0.03609611,-0.03300874,0.05584418,-0.0643254,-0.03204598,-0.01893171,0.0092055,0.0228318,-0.00479411,0.02564792,0.05639602,0.02673217,-0.02684766,-0.02071796,0.04718783,-0.08038066,0.01696817,0.0051732,0.08249756,-0.02387111,0.12150699,-0.03003111,0.01428043,0.05254695,-0.02949876,0.00813551,-0.02323955,-0.04169518,0.02526555,-0.01100548,0.04889233,-0.061946,-0.02263853,0.04112247,-0.05440096,0.00552535,0.01602624,0.04404355,-0.02407982,0.02661441,-0.07781379,0.01922521,0.02102256,0.03283458,0.00592209,-0.04826349,-0.00184688,0.00975212,0.06367979,-0.0102681,0.05127916,0.04146837,0.0207561,-0.10234323,0.00798326,-0.00600679,-0.0026231,0.00015093,0.02615274,-0.00398008,0.02013394,-0.04584913,-0.02733833,0.01638789,-0.0985792,0.01291807,0.10804068,-0.04532821,-0.01737534,-0.0145608,-0.00757373,-0.03572161,0.09263252,0.0202234,-0.06457651,-0.01212488,0.00646093,0.04262336,0.09764846,-0.0180696,-0.0171894,-0.02889374,0.00285561,-0.09785695,0.08049873,0.06442095,-0.06973275,-0.04823976,-0.01544231,0.01230721,-0.0649394,-0.02689747,0.02768105,-0.01374393,-0.01292907,0.11386754,0.03789654,0.02658761,-0.02166616,-0.06720672,0.03007198,0.02342866,-0.01731755,-0.05353705,-0.02010021,-0.02509816,-0.07148767,-0.00079968,-0.02254267,0.01820258,-0.02457976,-0.0946228,-0.0007198,-0.06154651,0.02185138,-0.02397617,-0.05278039,-0.07952689,-0.03346746,0.0628036,-0.02715569,0.13224798,-0.01299449,-0.06712871,-0.02673627,0.0241025,0.01057859,0.01297702,-0.02065891,0.01985137,0.05720469,-0.02396591,0.04433693,0.07287609,0.05348208,-0.01356761,-0.00232549,-0.0176353,0.04832916,0.02380169,0.06184871,0.05222087,0.01644462,-0.0318586,-0.21994351,0.0324595,-0.01679057,-0.04244499,-0.04905401,-0.04751838,0.01463044,-0.02729167,0.07516009,0.10409996,0.10153998,0.05240734,-0.04098853,0.03876259,-0.00121869,0.01721445,-0.00543838,0.02564599,-0.01449216,0.00128148,0.02607707,0.01350809,0.03375598,0.00466792,0.04297638,-0.03141277,0.147734,-0.00856086,0.0163766,-0.03094846,0.06358385,0.0507494,-0.07237446,-0.03350077,0.08592477,0.05023779,-0.08385854,-0.01929978,-0.00510588,-0.05336226,-0.00008131,0.06508642,-0.06298681,-0.0523188,-0.06092412,-0.04528469,0.00434053,0.02293191,-0.00445027,0.06268257,-0.03386387,-0.01775859,0.06298605,0.02608775,0.05541248,-0.02406181,-0.05681993,-0.01648679,-0.00369332,0.05012658,-0.02348243,0.02005682,-0.03978932,-0.03379743,-0.01659003,0.01967854,0.02539182,0.01866676,-0.04424407,0.0597476,0.01851149,0.0655081,0.05447309,0.05143671,0.01105012,-0.03942979,-0.00353357,-0.06920289,-0.03414803,0.04211351,-0.01582892,-0.00524417,0.04146408,0.00834879,0.02682308,0.03231432,0.06459168,-0.06267662,0.03784993,-0.00313662,-0.01136013,-0.02241573,-0.02514994,-0.0249524,0.09253219,0.00048621,-0.32154298,-0.0052624,-0.04619394,0.03197487,0.01731672,0.03671254,-0.01431218,-0.02337002,-0.05019075,0.03328142,-0.05766243,0.07129733,0.06683649,-0.07356547,0.01442754,-0.00296106,0.0614388,-0.02277581,0.11099392,-0.00762466,-0.01149331,0.04327984,0.21206617,0.07205977,0.00211865,-0.03242255,-0.00189141,0.00277137,0.08026677,0.04064529,-0.03080499,-0.05674346,0.09156258,-0.004704,0.03415107,0.06334542,-0.05347122,0.01291691,0.02468639,-0.0280357,-0.05974599,0.00981335,-0.064989,0.03385867,0.11915508,-0.03057237,-0.04939888,-0.03992497,-0.00313511,0.00921069,-0.01956944,-0.02429873,-0.02497407,-0.05519148,0.01135247,0.00628817,0.04487934,-0.00047418,-0.04451226,-0.00760544,0.04758811,-0.0088729,0.00121097,0.05158688,0.04490568],"last_embed":{"tokens":252,"hash":"145q8b4"}}},"text":null,"length":0,"last_read":{"at":1782976620342,"hash":"145q8b4"},"key":"SALES_PLAN.md#UI診断ディレクター 販売プラン（2026-07-02 確定）#原稿の想定構成（Brain 標準）","lines":[81,94],"size":334,"outlinks":[],"class_name":"SmartBlock"},
"smart_blocks:SALES_PLAN.md#UI診断ディレクター 販売プラン（2026-07-02 確定）#原稿の想定構成（Brain 標準）#{1}": {"path":null,"last_embed":{"hash":"4d610b","at":1782975306909},"embeddings":{"TaylorAI/bge-micro-v2":{"vec":[-0.02490955,-0.03327325,0.02121931,-0.00446264,-0.04892396,0.05188259,0.00195804,0.06873814,0.03439895,-0.01518575,-0.04413396,-0.03591788,0.07287588,0.067206,0.0140927,-0.02852429,-0.0011732,-0.0305723,-0.03971282,0.02226842,0.12678319,-0.03687511,-0.04964169,-0.02740241,0.02145641,-0.01111232,-0.0064678,-0.02692147,-0.02965022,-0.13371886,-0.03484431,-0.01071803,0.08855781,-0.04800573,0.00219391,0.00722357,-0.05247656,0.06870726,-0.0186847,0.049709,-0.01108037,0.02882453,-0.00528495,-0.03373292,0.02454773,-0.00882366,-0.02688427,-0.03328845,0.01062411,-0.00979916,-0.05364498,0.00531019,-0.04790267,0.03442492,0.02982636,-0.00056482,0.00675352,-0.00800889,0.01829755,0.0439427,0.02694636,-0.00538313,-0.23471074,0.03320773,-0.03108804,-0.01573994,-0.043511,0.00393701,0.02940175,-0.01100655,-0.05579494,-0.01976587,0.03535639,0.05428676,-0.034172,-0.01392352,-0.02475892,-0.00358714,-0.01592415,-0.03599296,-0.0299566,0.05267892,-0.06337107,-0.03362947,-0.01921978,0.009031,0.02243131,-0.00379817,0.02583487,0.05704248,0.02908158,-0.02585028,-0.02156919,0.04619579,-0.08042915,0.01831732,0.00528575,0.08510203,-0.02374327,0.12236097,-0.03008033,0.01581487,0.05367704,-0.02785885,0.00868829,-0.0209063,-0.04069867,0.027489,-0.01111256,0.05038245,-0.0614627,-0.02159582,0.04090305,-0.0529893,0.00451173,0.01596089,0.04298346,-0.02517599,0.02786378,-0.07547817,0.02027983,0.01878794,0.03174588,0.00378048,-0.05093436,-0.00110358,0.00773495,0.06300476,-0.01184478,0.05269266,0.03867965,0.02210857,-0.10186971,0.00790119,-0.0020485,-0.00253195,0.00129063,0.02609817,-0.0050768,0.01940043,-0.04434544,-0.0264141,0.01486166,-0.09823749,0.01466725,0.10465897,-0.0446528,-0.01873234,-0.01593952,-0.00744524,-0.03485516,0.09429348,0.02044869,-0.06422272,-0.01243766,0.00602465,0.04385508,0.09359978,-0.01613491,-0.01877375,-0.03157844,0.00379835,-0.09564044,0.08096277,0.06537271,-0.06798325,-0.0489524,-0.01657305,0.01444035,-0.06644376,-0.02607805,0.02864241,-0.01546112,-0.0124787,0.1118404,0.0346926,0.02465745,-0.02195162,-0.06620918,0.03048762,0.02773754,-0.01923438,-0.05602053,-0.01767405,-0.02507212,-0.07280427,-0.00114732,-0.02158426,0.01910297,-0.0250475,-0.09039126,-0.00255975,-0.0642546,0.01985532,-0.02248504,-0.05173222,-0.08235858,-0.03503894,0.0632723,-0.0265048,0.13406745,-0.01724142,-0.0676302,-0.0283713,0.02237553,0.00915965,0.01483529,-0.02117292,0.01890987,0.05715,-0.02154244,0.04492591,0.07148649,0.05242076,-0.01517009,-0.00676196,-0.02057257,0.04888921,0.02363637,0.06156677,0.05257273,0.01715867,-0.03301351,-0.2204928,0.03191292,-0.01467005,-0.04387983,-0.04528545,-0.05083225,0.01261835,-0.02690784,0.07761853,0.10201261,0.10139219,0.05093311,-0.04063903,0.04072837,-0.00189914,0.01847734,-0.00609152,0.02885376,-0.01494016,-0.00106898,0.02670121,0.01178365,0.03372563,0.00385567,0.04574765,-0.03220896,0.15048118,-0.01100094,0.01883212,-0.02732242,0.06117989,0.04884447,-0.07182245,-0.03249529,0.08826819,0.05231088,-0.08384821,-0.01711226,-0.00442395,-0.05227134,-0.00131295,0.06678595,-0.06264231,-0.05035916,-0.0602015,-0.04394732,0.00683239,0.02252088,-0.00400393,0.06448916,-0.03517084,-0.01671774,0.06475431,0.02777348,0.05571831,-0.02452578,-0.05670871,-0.01564123,-0.00532558,0.04925504,-0.02288858,0.01849631,-0.04263514,-0.03392944,-0.01816856,0.01835881,0.02599077,0.0160095,-0.04297325,0.05979253,0.02190249,0.06465247,0.0538563,0.05380156,0.01237563,-0.04159297,-0.00493249,-0.06899906,-0.03833722,0.03994609,-0.0172369,-0.0013969,0.04382755,0.0100812,0.02649656,0.0314249,0.06596481,-0.06232249,0.03933556,-0.00454548,-0.00981501,-0.02067857,-0.02482286,-0.02542499,0.09212516,0.00113965,-0.3200478,-0.00545893,-0.04865217,0.03389779,0.01902812,0.03671665,-0.01494025,-0.02088543,-0.04784175,0.0328739,-0.05748321,0.07182578,0.06726711,-0.07322957,0.01179755,-0.00296481,0.06059257,-0.02415023,0.11384451,-0.00697561,-0.00929774,0.04456903,0.20930561,0.0744698,0.00195684,-0.0304237,0.00040095,-0.00033302,0.08106051,0.04199673,-0.02715907,-0.05650517,0.09310322,-0.007284,0.03407881,0.06619256,-0.0547809,0.0110452,0.02364573,-0.02748558,-0.05872878,0.00722745,-0.06619671,0.03408466,0.12091676,-0.03328232,-0.04804346,-0.04199385,-0.00211974,0.01105482,-0.0188067,-0.02436805,-0.02554575,-0.05567715,0.00993146,0.00429602,0.04548305,-0.00052328,-0.0416505,-0.00821854,0.04730464,-0.0084687,0.00245467,0.05089182,0.04399276],"last_embed":{"tokens":251,"hash":"4d610b"}}},"text":null,"length":0,"last_read":{"at":1782976620342,"hash":"4d610b"},"key":"SALES_PLAN.md#UI診断ディレクター 販売プラン（2026-07-02 確定）#原稿の想定構成（Brain 標準）#{1}","lines":[83,94],"size":312,"outlinks":[],"class_name":"SmartBlock"},
"smart_blocks:SALES_PLAN.md#UI診断ディレクター 販売プラン（2026-07-02 確定）#保存場所ルール": {"path":null,"last_embed":{"hash":"1llalgu","at":1782975306969},"embeddings":{"TaylorAI/bge-micro-v2":{"vec":[-0.03987782,-0.02188086,0.02627596,-0.03885238,-0.0267133,0.04346624,-0.04385743,0.08324739,0.02551243,-0.01275457,-0.03533417,-0.03309415,0.05233368,0.02394126,-0.03326758,0.01468882,-0.02708258,-0.01967454,0.00208368,0.02109279,0.10961302,-0.0087751,-0.00169798,-0.0098108,0.0155821,-0.00462465,-0.01503439,-0.0669556,-0.03459397,-0.1835669,-0.01361725,-0.01587457,0.04235541,-0.05824168,0.01542891,-0.00409774,-0.0208894,0.09786206,-0.00793426,0.04684129,-0.00820861,0.02796026,-0.0120243,-0.02501442,0.03229222,-0.02583214,0.01346873,-0.02817088,0.02304826,-0.00414848,-0.06507695,-0.05280891,-0.04738636,0.04257184,0.03152957,0.00904191,0.01066165,-0.00201822,0.00262686,0.09480432,0.0340411,0.01452752,-0.25786468,0.03318608,-0.02623551,0.01332626,-0.04641202,0.00966892,0.01600255,0.04429497,-0.04756156,-0.02375564,0.02085312,0.0348207,-0.03485957,-0.01676265,-0.00453468,-0.01194128,-0.00495548,-0.04546868,-0.0512345,0.0661269,-0.0479995,-0.02734813,-0.04186616,0.03322457,0.01574965,-0.02102856,0.03067121,0.00961317,0.05350417,-0.04960607,-0.04290577,0.04952463,-0.10446098,0.00172569,0.01345425,0.04087523,-0.00508674,0.12444427,-0.00949805,0.01943714,0.0413853,-0.02973639,0.00637386,-0.02232346,-0.01120668,-0.03400382,-0.01256276,0.03763173,-0.08861645,-0.0088585,-0.01006424,-0.07174876,0.0260609,0.02747692,0.02021069,-0.00843657,0.00484952,-0.08434618,0.02499148,0.0557696,0.05055204,0.02678629,-0.051677,-0.01350201,0.04352796,0.03385748,0.02861735,0.01799562,0.0592454,0.03128207,-0.0964019,0.00437422,-0.01181745,-0.01004864,-0.0276776,0.05077972,0.00224581,-0.00718582,-0.03390172,0.02354801,-0.00327743,-0.07336359,-0.01314732,0.12567301,-0.03808444,-0.00009359,-0.04783601,0.03584677,-0.01521546,0.07911602,0.03005432,-0.03076882,-0.02309449,0.02161238,0.04044303,0.08766678,-0.03136339,-0.02478684,0.00512997,-0.04094876,-0.08329179,0.12495,0.04217092,-0.08332976,-0.01308379,-0.01292405,0.0061365,-0.02386667,-0.03001451,0.00961234,-0.03619666,0.00016127,0.10186082,0.02446033,0.0204226,-0.04828809,-0.0278315,0.0301714,0.03061589,0.01570165,-0.0663636,-0.00841286,-0.01039335,-0.08236064,-0.02168553,-0.02640635,0.00307235,-0.00076476,-0.10461466,0.05876381,-0.06312051,0.04364627,-0.05625913,-0.06706054,-0.04005003,-0.02464308,0.01755853,-0.02137598,0.11257721,0.01641323,-0.0429219,-0.03065886,0.03939316,0.00191256,0.02150155,-0.01310574,0.03283931,0.08898639,-0.06206013,0.02864352,0.05619574,0.06737953,-0.01348483,0.00989779,0.01403991,0.0214082,-0.01132178,0.0778662,0.01428847,0.05696016,-0.03427494,-0.22161844,0.05505725,0.03032441,-0.05422142,-0.01716484,0.00155214,0.01158928,0.01668002,0.04432797,0.09909106,0.09343173,0.03759266,-0.0198865,0.03932165,0.00467122,-0.00210794,-0.0009576,-0.01635861,-0.00345779,-0.00003103,0.03629765,0.03222686,-0.03341899,-0.04180655,0.02011187,-0.02375816,0.13429783,0.01554683,0.0329408,0.02383593,0.02128176,0.05121081,-0.05206083,-0.07105161,0.04997017,0.02293217,-0.06035248,-0.03063053,-0.03030137,-0.05334225,-0.00331523,0.05793361,-0.02943672,-0.04129791,-0.08081824,-0.05306061,-0.02917895,0.03897169,0.0077926,0.05356465,-0.03111254,0.00973703,0.037536,0.01908856,0.0678162,-0.00198617,-0.07092418,-0.01179171,0.00361588,0.04884876,0.00550261,0.03234508,-0.01459905,-0.01789262,-0.00577972,0.0301433,0.01735036,0.00458877,0.00733702,0.01739365,0.00022374,0.06945071,0.03008733,-0.00745537,0.03171733,-0.04042906,-0.0016182,-0.06502181,-0.01434378,0.0267025,-0.01319204,-0.05662912,0.02547846,-0.00738887,0.03379216,0.04933268,0.04265983,-0.05634857,0.01710806,-0.01465675,-0.03728164,0.00617514,-0.016066,-0.0126828,0.07348445,0.00383463,-0.30127642,-0.02164721,-0.02117898,0.06988002,0.04167498,0.0511691,0.02769965,-0.07213771,-0.07300828,0.03660519,-0.05888155,0.06987303,0.01721591,-0.02602024,-0.0211938,-0.01477614,0.08863532,-0.02548558,0.12137421,-0.02009255,-0.03222639,0.01228158,0.24220632,0.03590536,-0.01228835,-0.03477595,-0.02642527,0.04168642,0.09349446,0.0181133,0.00128595,-0.06721549,0.04166207,0.03736541,0.00042804,0.09455976,-0.05498454,0.00660412,0.02462015,-0.00248366,-0.05175381,0.00955423,-0.06101675,0.01572137,0.11889842,-0.03983235,-0.03623406,-0.04001633,-0.01962811,0.00037996,-0.03874468,-0.03183986,-0.03802801,-0.06083556,0.01314214,0.04827612,0.03668138,-0.02040579,-0.01160543,0.02384077,0.02937802,-0.00604147,0.01028611,0.04121378,0.05553171],"last_embed":{"tokens":174,"hash":"1llalgu"}}},"text":null,"length":0,"last_read":{"at":1782976620342,"hash":"1llalgu"},"key":"SALES_PLAN.md#UI診断ディレクター 販売プラン（2026-07-02 確定）#保存場所ルール","lines":[95,112],"size":426,"outlinks":[],"class_name":"SmartBlock"},
"smart_blocks:SALES_PLAN.md#UI診断ディレクター 販売プラン（2026-07-02 確定）#保存場所ルール#{1}": {"path":null,"last_embed":{"hash":"13uoueu","at":1782975307010},"embeddings":{"TaylorAI/bge-micro-v2":{"vec":[-0.03761807,-0.02342846,0.02565825,-0.0354232,-0.02415102,0.04373817,-0.04680602,0.08419868,0.02628519,-0.01186457,-0.03677128,-0.03228485,0.04990484,0.02335704,-0.03307888,0.01362648,-0.02696302,-0.017199,0.00046116,0.01874666,0.10922039,-0.00615451,-0.00307373,-0.00703226,0.01431408,-0.00237728,-0.01523223,-0.06685619,-0.03526082,-0.18221454,-0.01188969,-0.02059828,0.04016638,-0.05842051,0.01885089,-0.00356306,-0.02266028,0.09919268,-0.00848148,0.04732072,-0.00673069,0.02816815,-0.01247752,-0.02489304,0.02845642,-0.02667222,0.01425786,-0.02719632,0.02583098,-0.00646855,-0.06361028,-0.05322392,-0.04550421,0.04158197,0.03056088,0.00718884,0.00989775,-0.00092154,0.00431662,0.0963694,0.032887,0.01207693,-0.25734693,0.03241285,-0.03078786,0.01566113,-0.04670555,0.01300463,0.01676096,0.04343702,-0.04995277,-0.0252849,0.01886806,0.03660886,-0.03556898,-0.01750596,-0.00576103,-0.01191603,-0.00850732,-0.0403548,-0.05073596,0.06738194,-0.04745934,-0.02559328,-0.04215163,0.03277556,0.01738324,-0.02538693,0.02845204,0.00810898,0.05291525,-0.05280222,-0.04260516,0.05038254,-0.10661396,0.00120881,0.01372006,0.0395927,-0.00252302,0.12377666,-0.00848648,0.01808069,0.04163736,-0.02924657,0.00512937,-0.02279523,-0.00960629,-0.03370887,-0.0131768,0.03704505,-0.08806217,-0.00768263,-0.00974052,-0.07082896,0.0279005,0.02658435,0.02064598,-0.00899563,0.00300145,-0.08114002,0.02687745,0.05706072,0.0500652,0.02674439,-0.05191045,-0.01245905,0.04295777,0.03487958,0.0318515,0.0189385,0.06052307,0.03226047,-0.09762143,0.00304476,-0.01100143,-0.01118292,-0.03032705,0.05288228,0.00069618,-0.00966032,-0.03328923,0.02522163,-0.00372629,-0.07080859,-0.01349838,0.12684993,-0.04037688,0.00034298,-0.04970071,0.03528276,-0.01325919,0.08084991,0.02939912,-0.02761273,-0.02163385,0.02056028,0.04128033,0.08801419,-0.03217169,-0.02377612,0.00539967,-0.03970218,-0.08056779,0.12704723,0.04300334,-0.08205692,-0.00979479,-0.01176724,0.00515658,-0.02378556,-0.03131724,0.0100287,-0.03815025,0.00195452,0.10245617,0.0219412,0.02081152,-0.04965378,-0.02574964,0.0277468,0.03176031,0.01414086,-0.06608529,-0.00836737,-0.0087466,-0.08101641,-0.02485559,-0.02834776,0.00229687,0.00213763,-0.10287935,0.0586674,-0.0634229,0.04362826,-0.0549105,-0.06626771,-0.04139253,-0.0263303,0.015641,-0.02105691,0.11189177,0.01758225,-0.04031644,-0.03220033,0.04065845,-0.00025636,0.0222876,-0.01456801,0.03006644,0.08513804,-0.06241007,0.02825452,0.05376958,0.06931764,-0.0141451,0.0116118,0.01359462,0.01987132,-0.01182515,0.077462,0.0131731,0.05804159,-0.03328795,-0.22204547,0.05430052,0.02960777,-0.05464263,-0.01522004,0.00126964,0.01019028,0.01902038,0.04256786,0.09627111,0.09456304,0.03642592,-0.02034283,0.04006668,0.00493406,0.00201165,-0.00115434,-0.01449349,-0.00464298,0.00052803,0.03655656,0.03175278,-0.03333061,-0.03997142,0.0200556,-0.02444679,0.13564333,0.0120075,0.03297286,0.02528592,0.0170732,0.04730001,-0.0518326,-0.07489046,0.05159964,0.0196777,-0.06239231,-0.03128216,-0.03125261,-0.05298373,-0.00065049,0.05765004,-0.02843727,-0.04144891,-0.07869523,-0.05622137,-0.03190476,0.03953937,0.00899119,0.05129579,-0.03155847,0.00987142,0.03688094,0.02072834,0.06568611,-0.0015527,-0.07067227,-0.00853345,0.00180626,0.04668444,0.00657377,0.03258043,-0.01594116,-0.01831486,-0.00220362,0.03009927,0.01638442,0.00681739,0.00767274,0.01765968,0.00268249,0.06845883,0.02868794,-0.00940424,0.03108851,-0.03817137,-0.000888,-0.0664067,-0.01460277,0.02703494,-0.01063366,-0.05783975,0.02637845,-0.0067449,0.03403376,0.05105312,0.04267813,-0.05871862,0.01496462,-0.01464922,-0.03649788,0.00265935,-0.01414371,-0.01204791,0.0738859,0.00321714,-0.3005974,-0.02168326,-0.0209988,0.06888455,0.04340054,0.05139327,0.02574098,-0.0699912,-0.07395365,0.03557618,-0.05740538,0.07152626,0.01582263,-0.02648873,-0.02371293,-0.01420604,0.08906344,-0.02467158,0.12497923,-0.01801106,-0.03319853,0.01025107,0.2402672,0.03486708,-0.0134844,-0.03631223,-0.02450973,0.04358805,0.09574697,0.01787039,0.00163455,-0.06637294,0.04390829,0.03726713,0.00271694,0.09724196,-0.05308655,0.00683457,0.02698941,-0.00224823,-0.05257367,0.01134275,-0.06503718,0.01640595,0.11652074,-0.04145966,-0.03781825,-0.03905084,-0.02107983,-0.00176391,-0.03921437,-0.03121141,-0.03839943,-0.06238262,0.01360766,0.04958745,0.03686278,-0.01854778,-0.01391739,0.02656232,0.02903268,-0.01109785,0.01151603,0.04114695,0.05757029],"last_embed":{"tokens":173,"hash":"13uoueu"}}},"text":null,"length":0,"last_read":{"at":1782976620342,"hash":"13uoueu"},"key":"SALES_PLAN.md#UI診断ディレクター 販売プラン（2026-07-02 確定）#保存場所ルール#{1}","lines":[97,112],"size":414,"outlinks":[],"class_name":"SmartBlock"},
"smart_blocks:SALES_PLAN.md#UI診断ディレクター 販売プラン（2026-07-02 確定）#Brain 独自の運用ルール（要確認事項）": {"path":null,"last_embed":{"hash":"1n9c69e","at":1782975307049},"embeddings":{"TaylorAI/bge-micro-v2":{"vec":[-0.0536228,-0.0516873,0.01778315,-0.03356267,-0.04253065,0.04161952,0.00828281,0.06171691,0.04453919,0.0041215,-0.01676621,-0.02597794,0.06621846,0.0744376,-0.00042231,-0.00251534,-0.00235176,-0.05883089,-0.03983644,0.01812303,0.12711385,-0.02675878,-0.04150783,-0.02152582,0.02367215,-0.00449233,-0.00836881,-0.01274491,-0.03404689,-0.14510708,-0.01874026,-0.04161548,0.06551884,-0.03991906,-0.01894739,0.00462143,-0.04673851,0.0652144,-0.01610913,0.04892299,-0.02177495,0.03495567,-0.014885,-0.04300399,0.0080789,-0.01740878,-0.00196896,-0.02137632,0.02603912,-0.0089172,-0.05166693,-0.02184671,-0.02958426,0.02166161,0.04496336,-0.00642859,0.00766828,-0.00444556,0.00467936,0.06579831,0.0307636,-0.01526195,-0.24617201,0.03634534,-0.01813224,-0.01975393,-0.01953663,-0.01833144,0.04770439,0.00634331,-0.07224781,-0.03086688,0.01620994,0.04710148,-0.01641518,-0.01306743,-0.01711847,-0.02257769,-0.01559229,-0.0290092,-0.03320507,0.04719373,-0.05707355,-0.02396099,-0.02723272,0.02665292,0.03797644,-0.0185539,0.0375891,0.04651747,0.01194141,-0.03289907,-0.01154398,0.06017594,-0.05609094,0.04018166,-0.02417204,0.07307801,-0.04343569,0.11985018,-0.00818067,0.0345342,0.01198045,-0.05553566,0.01426905,-0.01819907,-0.06058481,0.00781547,-0.02386124,0.02874782,-0.05027616,-0.01776448,0.03302807,-0.06454935,0.01399564,0.02354714,0.03779647,0.01195512,0.01432727,-0.09624891,0.0558573,0.03305349,0.05647707,0.00432645,-0.03674666,-0.01025625,0.04369421,0.0783546,-0.02373632,0.02084584,0.04661885,-0.00301222,-0.10426252,-0.00605879,-0.00445311,-0.00244114,-0.0342282,0.03664477,-0.00608462,0.01140639,-0.04845712,-0.03789891,0.00141704,-0.108447,-0.011687,0.10828713,-0.05717502,-0.02379395,-0.01705591,-0.01164504,-0.03664863,0.08573509,0.00048726,-0.06560443,-0.01847382,-0.00174175,0.01966164,0.11682054,-0.01690589,-0.02767752,-0.03156153,0.00131018,-0.0925718,0.08948071,0.07243581,-0.09248828,-0.04209347,0.00607207,-0.00767193,-0.02577044,-0.05466722,0.02980836,-0.02396112,-0.0305856,0.13437918,0.06991412,0.03098512,-0.02832958,-0.09368015,0.01784748,0.02027872,-0.02003353,-0.03607387,0.00467196,-0.00475847,-0.07389447,0.01165558,-0.04280769,0.00454329,-0.0393007,-0.11018817,0.02112967,-0.02542953,0.03917724,-0.03086633,-0.06251296,-0.04598341,-0.02521796,0.04476963,-0.02537944,0.13311514,0.01000112,-0.03652477,-0.00352149,0.04569717,0.03153545,-0.00316841,-0.02500344,0.04920668,0.06976618,-0.02607883,0.03310026,0.06692507,0.05629029,-0.00790263,0.03523724,-0.01451888,0.03479813,0.0241998,0.06646694,0.04274335,0.03223348,-0.05660117,-0.21869805,0.03157261,0.00684486,-0.03462762,-0.04357583,-0.01610983,-0.00529836,-0.00668125,0.06980278,0.09798366,0.09215771,0.052146,-0.01560181,0.02049109,0.0265077,-0.02415558,0.01909886,0.00989804,-0.02018096,0.00609679,0.02953924,0.01816665,0.00772083,-0.00973727,0.046415,-0.03429016,0.12870511,-0.0123325,0.03840495,-0.03806481,0.04746305,0.03532069,-0.06193236,-0.02330641,0.04542381,0.02588223,-0.07668,-0.04070602,-0.02473616,-0.04526312,-0.00380322,0.05985112,-0.05471088,-0.05925314,-0.07996105,-0.07548002,-0.0060337,0.01908101,-0.00854246,0.05649248,-0.0250569,0.00686539,0.05200697,0.03988883,0.07255358,0.00730528,-0.05329796,-0.03858656,0.02244969,0.05038923,-0.02341216,0.0291334,-0.0236371,-0.03040373,-0.00924058,0.01525285,0.02270661,0.01854715,-0.02473402,0.06541282,-0.01531342,0.09131885,0.04008815,0.01440648,0.00072309,-0.01935203,-0.00854042,-0.05030663,-0.03134151,0.07662275,0.03386781,-0.01937577,0.05568473,0.00764201,0.03692512,0.04258453,0.05756475,-0.03841737,0.01183786,0.01395677,-0.03410237,-0.01061414,-0.0258118,-0.01760868,0.07024629,-0.01770242,-0.31175932,-0.01555053,-0.03436005,0.05381165,0.00398243,0.04713054,0.00845433,-0.04749916,-0.07815536,0.0348526,-0.09154844,0.05147106,0.06796292,-0.02276582,0.0115589,-0.02331619,0.05572291,-0.01000502,0.08798435,-0.01233183,-0.01931758,0.04447489,0.21670641,0.04431826,0.00549998,-0.01095508,-0.01646566,0.02565203,0.08359008,0.03586755,-0.01796351,-0.0627299,0.06355583,0.02288091,0.00399051,0.03021706,-0.06462362,0.01354899,0.0365818,-0.02774395,-0.05548162,0.0297263,-0.04739805,0.00756793,0.12681228,-0.00620079,-0.00885219,-0.05364016,-0.00623356,0.01599688,-0.04749298,0.00006006,-0.00264136,-0.05655669,0.00402467,0.01139479,0.02885069,0.00869934,-0.0396032,0.00029271,0.03879649,0.00337141,-0.00487487,0.05376417,0.07550605],"last_embed":{"tokens":239,"hash":"1n9c69e"}}},"text":null,"length":0,"last_read":{"at":1782976620342,"hash":"1n9c69e"},"key":"SALES_PLAN.md#UI診断ディレクター 販売プラン（2026-07-02 確定）#Brain 独自の運用ルール（要確認事項）","lines":[113,125],"size":256,"outlinks":[],"class_name":"SmartBlock"},
"smart_blocks:SALES_PLAN.md#UI診断ディレクター 販売プラン（2026-07-02 確定）#Brain 独自の運用ルール（要確認事項）#{1}": {"path":null,"last_embed":{"hash":null},"embeddings":{},"text":null,"length":0,"last_read":{"at":1782976620342,"hash":"1uu4e5x"},"key":"SALES_PLAN.md#UI診断ディレクター 販売プラン（2026-07-02 確定）#Brain 独自の運用ルール（要確認事項）#{1}","lines":[115,115],"size":25,"outlinks":[],"class_name":"SmartBlock"},
"smart_blocks:SALES_PLAN.md#UI診断ディレクター 販売プラン（2026-07-02 確定）#Brain 独自の運用ルール（要確認事項）#{2}": {"path":null,"last_embed":{"hash":null},"embeddings":{},"text":null,"length":0,"last_read":{"at":1782976620342,"hash":"1rhlxw4"},"key":"SALES_PLAN.md#UI診断ディレクター 販売プラン（2026-07-02 確定）#Brain 独自の運用ルール（要確認事項）#{2}","lines":[116,116],"size":45,"outlinks":[],"class_name":"SmartBlock"},
"smart_blocks:SALES_PLAN.md#UI診断ディレクター 販売プラン（2026-07-02 確定）#Brain 独自の運用ルール（要確認事項）#{3}": {"path":null,"last_embed":{"hash":null},"embeddings":{},"text":null,"length":0,"last_read":{"at":1782976620342,"hash":"11kyp4"},"key":"SALES_PLAN.md#UI診断ディレクター 販売プラン（2026-07-02 確定）#Brain 独自の運用ルール（要確認事項）#{3}","lines":[117,117],"size":60,"outlinks":[],"class_name":"SmartBlock"},
"smart_blocks:SALES_PLAN.md#UI診断ディレクター 販売プラン（2026-07-02 確定）#Brain 独自の運用ルール（要確認事項）#{4}": {"path":null,"last_embed":{"hash":null},"embeddings":{},"text":null,"length":0,"last_read":{"at":1782976620342,"hash":"196ok9z"},"key":"SALES_PLAN.md#UI診断ディレクター 販売プラン（2026-07-02 確定）#Brain 独自の運用ルール（要確認事項）#{4}","lines":[118,119],"size":38,"outlinks":[],"class_name":"SmartBlock"},
"smart_blocks:SALES_PLAN.md#UI診断ディレクター 販売プラン（2026-07-02 確定）#Brain 独自の運用ルール（要確認事項）#{5}": {"path":null,"last_embed":{"hash":null},"embeddings":{},"text":null,"length":0,"last_read":{"at":1782976620342,"hash":"70zcu1"},"key":"SALES_PLAN.md#UI診断ディレクター 販売プラン（2026-07-02 確定）#Brain 独自の運用ルール（要確認事項）#{5}","lines":[120,125],"size":58,"outlinks":[],"class_name":"SmartBlock"},