"smart_sources:GMB_NOTE_SCHEDULE.md": {"path":"GMB_NOTE_SCHEDULE.md","last_embed":{"hash":"1gy1ttd","at":1783058943827},"embeddings":{"TaylorAI/bge-micro-v2":{"vec":[-0.04116242,-0.00626528,0.00796802,-0.06683163,0.00718248,0.02842718,-0.09333905,-0.00295436,0.01373384,-0.00580781,-0.06568918,-0.0441964,0.02554714,0.0182683,-0.02549012,-0.07055535,-0.02952909,-0.01711299,-0.02630946,-0.01033756,0.10353643,-0.01783706,-0.0118125,-0.02420127,0.03345238,0.01059913,0.01701126,0.00078577,-0.03381782,-0.16646381,-0.0346583,0.0269486,0.0739429,-0.01293106,0.04102389,-0.03246461,-0.044758,0.06645304,-0.06462615,0.01098523,-0.00450458,0.02002414,-0.02066336,-0.05378619,0.00101893,-0.0956482,-0.01714724,0.01972159,-0.00476071,-0.0526852,-0.04189282,-0.04982272,0.0030781,0.00428094,0.04463241,0.0258774,0.03044841,-0.02625258,0.00468142,0.079966,0.04564171,-0.01515235,-0.23424147,0.07021642,-0.0144859,0.01261327,-0.03647969,0.0202251,0.03322479,0.02607538,-0.05063217,-0.02378279,-0.00290519,0.05877612,-0.04776643,-0.01004528,0.00947302,-0.01379458,-0.0856805,0.00876084,-0.04663692,-0.02842889,0.01887329,-0.02683244,0.01392397,0.02908882,0.02145389,0.00415055,0.00414556,0.0909327,-0.03012258,-0.02283442,0.05154594,0.06331622,-0.05890477,0.02627334,0.0488589,0.0029227,-0.05416591,0.14498138,-0.04020486,0.03087648,0.00001312,0.01231614,0.04195739,-0.02031074,-0.04086188,-0.0553715,-0.03076549,-0.00495386,0.01891604,-0.01510473,0.09336149,-0.05430732,-0.00681398,0.03950074,0.0730714,-0.02529057,0.01256282,0.00998621,0.03403914,0.02274562,-0.00549209,0.00471206,0.03392517,0.01086085,0.00597563,0.04369392,0.02970207,0.01426145,-0.00265,0.04508278,-0.09704444,-0.02310814,0.02851024,0.00258982,-0.04469239,-0.00103642,0.02185073,-0.03979882,-0.00086423,-0.08265583,-0.04951814,-0.08487831,0.0012226,0.07948206,-0.04785302,0.03672052,0.01453864,-0.0400662,-0.08137138,0.06261973,0.03336608,-0.06631606,0.02384564,0.02795168,0.07804731,0.09114335,-0.0108039,-0.0302486,-0.03217319,0.00351938,-0.04703151,0.09884382,0.08336473,-0.08093623,-0.04236096,-0.00290704,0.04568715,-0.06775796,-0.04358652,0.05995197,0.00976973,-0.00304293,0.17091496,0.01170971,0.09930892,0.01521072,-0.01499961,0.00665664,0.0541834,-0.0359223,-0.06214524,0.0189391,0.00095375,-0.05016236,-0.01941063,-0.02344123,0.03444547,0.00208729,-0.09286958,-0.01924336,0.05671649,0.0253125,-0.03502945,-0.0921962,-0.0633023,-0.0449333,0.04059681,-0.02731611,0.11951309,0.02247148,0.01332069,-0.02904624,0.02090295,0.01374113,-0.02082836,-0.03873443,-0.00047105,0.03315926,-0.02007326,0.01387403,0.06700758,0.04757648,-0.07034526,0.00815994,-0.01811693,0.06082531,-0.00120205,0.06206895,0.00077827,0.04899636,-0.0402241,-0.18804076,-0.01967321,0.006213,-0.06637227,-0.02617196,0.03477484,0.03883047,-0.06146047,0.07985195,0.05756645,0.08705504,0.03817974,-0.04576791,-0.06224011,-0.02234989,0.01184159,0.00309045,-0.02096177,0.00467536,0.01788235,0.01683011,0.03074873,-0.06334166,0.00778361,0.05792969,-0.03212591,0.10069341,0.01510951,-0.02930085,-0.02061682,0.05539557,0.05761316,-0.01661653,-0.08636153,0.0190726,0.04140016,-0.04886454,0.02304006,0.002883,-0.04219924,0.01037507,0.09233801,-0.02900556,-0.0957445,-0.0779216,-0.05628256,-0.00580579,-0.03458925,-0.03006499,0.00035257,-0.00394666,0.01051689,0.04135878,0.03659159,0.06718717,0.00914203,-0.02714096,-0.02258411,-0.02150242,0.04552817,-0.02714601,0.00594096,-0.0081827,-0.00971892,-0.014813,0.02051087,0.02018999,0.00816536,-0.04015956,0.06076071,0.00878227,0.02997392,0.00217342,-0.01882033,0.04265177,-0.01903091,0.00749963,-0.06496654,-0.01073803,-0.03858723,0.02870975,-0.046295,0.09200911,0.01016416,0.01605124,0.03187417,0.04337038,-0.04926075,0.01761685,0.04135985,-0.02862957,-0.02401604,0.02182888,-0.00484643,0.09622938,-0.00713146,-0.30367011,0.02554647,-0.02151575,-0.00441507,0.03242267,0.05249137,-0.05475797,-0.01934334,-0.09228088,0.03610291,-0.03876233,0.04780483,0.0090046,-0.05240247,0.02617658,-0.02503865,0.08378468,0.00964102,0.0478509,-0.05617834,-0.03208642,0.01822497,0.18599623,0.04374923,0.01919249,0.02605923,-0.0190091,0.01652057,0.10630973,0.03968978,-0.02238016,-0.02118972,0.12960623,0.02107983,0.04842035,0.06290825,-0.04369215,0.02542622,0.04658934,-0.00144108,-0.04783156,0.03743459,-0.04085255,0.01333296,0.08653052,-0.00964498,-0.10724359,-0.0443366,0.01804258,0.01735281,-0.00065948,0.01618878,-0.0060838,-0.01656773,-0.01693557,0.0532525,0.04527317,0.01721224,-0.01701386,0.05806139,0.02647584,-0.02974628,-0.0075049,0.02566852,0.02275471],"last_embed":{"tokens":460,"hash":"1gy1ttd"}}},"last_read":{"hash":"1gy1ttd","at":1783058943827},"class_name":"SmartSource","last_import":{"mtime":1783058898686,"size":4634,"at":1783058941589,"hash":"1gy1ttd"},"blocks":{"#GMB note記事 執筆スケジュール（2026-07-06週公開目標）":[1,93],"#GMB note記事 執筆スケジュール（2026-07-06週公開目標）#全体スケジュール（逆算）":[3,17],"#GMB note記事 執筆スケジュール（2026-07-06週公開目標）#全体スケジュール（逆算）#{1}":[5,17],"#GMB note記事 執筆スケジュール（2026-07-06週公開目標）#記事構成案（骨子・後日ブラッシュアップ）":[18,37],"#GMB note記事 執筆スケジュール（2026-07-06週公開目標）#記事構成案（骨子・後日ブラッシュアップ）#{1}":[20,37],"#GMB note記事 執筆スケジュール（2026-07-06週公開目標）#執筆前ヒアリング項目（7/5に入江さんへ）":[38,65],"#GMB note記事 執筆スケジュール（2026-07-06週公開目標）#執筆前ヒアリング項目（7/5に入江さんへ）#{1}":[40,41],"#GMB note記事 執筆スケジュール（2026-07-06週公開目標）#執筆前ヒアリング項目（7/5に入江さんへ）#開発ストーリー系":[42,48],"#GMB note記事 執筆スケジュール（2026-07-06週公開目標）#執筆前ヒアリング項目（7/5に入江さんへ）#開発ストーリー系#{1}":[43,43],"#GMB note記事 執筆スケジュール（2026-07-06週公開目標）#執筆前ヒアリング項目（7/5に入江さんへ）#開発ストーリー系#{2}":[44,44],"#GMB note記事 執筆スケジュール（2026-07-06週公開目標）#執筆前ヒアリング項目（7/5に入江さんへ）#開発ストーリー系#{3}":[45,45],"#GMB note記事 執筆スケジュール（2026-07-06週公開目標）#執筆前ヒアリング項目（7/5に入江さんへ）#開発ストーリー系#{4}":[46,46],"#GMB note記事 執筆スケジュール（2026-07-06週公開目標）#執筆前ヒアリング項目（7/5に入江さんへ）#開発ストーリー系#{5}":[47,48],"#GMB note記事 執筆スケジュール（2026-07-06週公開目標）#執筆前ヒアリング項目（7/5に入江さんへ）#技術詳細系":[49,54],"#GMB note記事 執筆スケジュール（2026-07-06週公開目標）#執筆前ヒアリング項目（7/5に入江さんへ）#技術詳細系#{1}":[50,50],"#GMB note記事 執筆スケジュール（2026-07-06週公開目標）#執筆前ヒアリング項目（7/5に入江さんへ）#技術詳細系#{2}":[51,51],"#GMB note記事 執筆スケジュール（2026-07-06週公開目標）#執筆前ヒアリング項目（7/5に入江さんへ）#技術詳細系#{3}":[52,52],"#GMB note記事 執筆スケジュール（2026-07-06週公開目標）#執筆前ヒアリング項目（7/5に入江さんへ）#技術詳細系#{4}":[53,54],"#GMB note記事 執筆スケジュール（2026-07-06週公開目標）#執筆前ヒアリング項目（7/5に入江さんへ）#数値系":[55,60],"#GMB note記事 執筆スケジュール（2026-07-06週公開目標）#執筆前ヒアリング項目（7/5に入江さんへ）#数値系#{1}":[56,56],"#GMB note記事 執筆スケジュール（2026-07-06週公開目標）#執筆前ヒアリング項目（7/5に入江さんへ）#数値系#{2}":[57,57],"#GMB note記事 執筆スケジュール（2026-07-06週公開目標）#執筆前ヒアリング項目（7/5に入江さんへ）#数値系#{3}":[58,58],"#GMB note記事 執筆スケジュール（2026-07-06週公開目標）#執筆前ヒアリング項目（7/5に入江さんへ）#数値系#{4}":[59,60],"#GMB note記事 執筆スケジュール（2026-07-06週公開目標）#執筆前ヒアリング項目（7/5に入江さんへ）#未来系":[61,65],"#GMB note記事 執筆スケジュール（2026-07-06週公開目標）#執筆前ヒアリング項目（7/5に入江さんへ）#未来系#{1}":[62,62],"#GMB note記事 執筆スケジュール（2026-07-06週公開目標）#執筆前ヒアリング項目（7/5に入江さんへ）#未来系#{2}":[63,63],"#GMB note記事 執筆スケジュール（2026-07-06週公開目標）#執筆前ヒアリング項目（7/5に入江さんへ）#未来系#{3}":[64,65],"#GMB note記事 執筆スケジュール（2026-07-06週公開目標）#保存場所":[66,79],"#GMB note記事 執筆スケジュール（2026-07-06週公開目標）#保存場所#{1}":[68,79],"#GMB note記事 執筆スケジュール（2026-07-06週公開目標）#想定リスクと対策":[80,93],"#GMB note記事 執筆スケジュール（2026-07-06週公開目標）#想定リスクと対策#{1}":[82,93]},"outlinks":[],"task_lines":[],"tasks":{},"codeblock_ranges":[[20,36],[68,78]],"key":"GMB_NOTE_SCHEDULE.md"},
"smart_blocks:GMB_NOTE_SCHEDULE.md#GMB note記事 執筆スケジュール（2026-07-06週公開目標）": {"path":null,"last_embed":{"hash":"1gy1ttd","at":1782975301804},"embeddings":{"TaylorAI/bge-micro-v2":{"vec":[-0.03893187,-0.00599201,0.00822092,-0.06702135,0.00611535,0.02732579,-0.09142679,-0.00222644,0.01448554,-0.00355614,-0.06520824,-0.04378499,0.02150647,0.01868892,-0.02612533,-0.07106204,-0.02877485,-0.01297005,-0.02454063,-0.01128751,0.1048279,-0.01886491,-0.01333177,-0.02225602,0.03381048,0.01141978,0.01485267,0.00103773,-0.03389839,-0.16272596,-0.03285304,0.0291463,0.07521907,-0.01183999,0.03868128,-0.03152299,-0.04649254,0.0642254,-0.06417415,0.00929183,-0.00340025,0.01960621,-0.01866818,-0.05305864,-0.00000342,-0.09677675,-0.01623298,0.01761365,-0.00344915,-0.04940495,-0.04245004,-0.05009923,0.00510852,0.00264822,0.04570401,0.02765082,0.03189601,-0.02282536,0.00292008,0.08138312,0.04250469,-0.01488303,-0.23488741,0.06875263,-0.01571299,0.0100846,-0.03806687,0.01989926,0.03221554,0.02749015,-0.05134297,-0.02232175,-0.00263647,0.05875637,-0.04826564,-0.00990436,0.00858396,-0.01351959,-0.08504279,0.01140944,-0.04797558,-0.02917742,0.02155104,-0.02566025,0.01519988,0.0311059,0.02465301,0.00422627,0.0068095,0.09005879,-0.03136701,-0.02110322,0.04858628,0.06368192,-0.05584153,0.0249795,0.04842636,0.00053822,-0.05247859,0.14561766,-0.03623097,0.03083027,-0.00221192,0.01105025,0.0441412,-0.0223296,-0.04380487,-0.05610747,-0.03255474,-0.00458036,0.01838841,-0.01414869,0.09487195,-0.05553513,-0.00492764,0.03843907,0.07206311,-0.02522005,0.01394211,0.01123498,0.0306765,0.02486696,-0.00348504,0.00500692,0.03586828,0.00890718,0.00784633,0.04339714,0.03228041,0.01703002,-0.00540876,0.04436847,-0.09681541,-0.02434992,0.02575021,0.00339716,-0.04675151,0.00323014,0.02133135,-0.04180632,0.0016642,-0.08575898,-0.04882218,-0.08255166,0.00339415,0.07708053,-0.04695199,0.03600789,0.01284182,-0.03910603,-0.08126032,0.06366701,0.03044702,-0.06586581,0.02299151,0.0292159,0.07800686,0.09136664,-0.00975953,-0.03352795,-0.03297989,0.00369617,-0.0438047,0.09937628,0.08490157,-0.08013961,-0.04105463,-0.0046372,0.0442042,-0.06628717,-0.04609005,0.06052671,0.00817579,0.0003602,0.16919065,0.01232917,0.10035538,0.01374512,-0.01369083,0.01003151,0.05484612,-0.03806797,-0.06108141,0.01993266,0.00248075,-0.04851084,-0.0182586,-0.02522754,0.0341736,0.00290872,-0.09477793,-0.02256712,0.06026194,0.01995511,-0.03577098,-0.09284489,-0.06318559,-0.04461265,0.03750381,-0.02332224,0.12545231,0.02299575,0.01456226,-0.02812639,0.0205776,0.017411,-0.02410638,-0.04062873,-0.00228617,0.03100453,-0.01994616,0.01483607,0.06361576,0.04732724,-0.07242063,0.00905095,-0.01879518,0.06113823,-0.00062852,0.06244697,0.00026467,0.04703172,-0.03744775,-0.18699609,-0.02176256,0.00265083,-0.06499849,-0.02574519,0.03524585,0.03849973,-0.06280019,0.08145302,0.05805556,0.08701915,0.03659763,-0.04745237,-0.06323311,-0.02289421,0.0125131,0.00636632,-0.02416838,0.00376849,0.01451585,0.0158932,0.03065446,-0.06482209,0.00415929,0.05753321,-0.03359495,0.10175407,0.01342153,-0.02753313,-0.02122511,0.0538506,0.05953936,-0.01523362,-0.08355975,0.01767079,0.04155274,-0.04857226,0.02201907,0.00436077,-0.04146685,0.00764066,0.0903613,-0.02742712,-0.09524965,-0.07730033,-0.05737938,-0.00594251,-0.03500158,-0.03097027,-0.00055177,-0.00629903,0.0107684,0.04289113,0.03560524,0.06829789,0.00792387,-0.02727996,-0.02271751,-0.02470293,0.04496908,-0.03097705,0.00552186,-0.00663984,-0.0101369,-0.014518,0.02082965,0.01860857,0.00995869,-0.04220708,0.06020265,0.00505671,0.03146164,-0.00017226,-0.01980274,0.04411333,-0.0176035,0.00928109,-0.06543526,-0.01140456,-0.03943511,0.0279084,-0.04538893,0.09225217,0.00928167,0.01569573,0.03166378,0.04240203,-0.04916182,0.01719427,0.04234763,-0.02925951,-0.0215246,0.0221837,-0.00333019,0.09723262,-0.00573567,-0.30417693,0.0242974,-0.02310874,-0.00278389,0.03305347,0.05340088,-0.05761708,-0.01772651,-0.09108599,0.03488398,-0.03891771,0.04812963,0.00738072,-0.0543781,0.02834418,-0.02465061,0.08107352,0.00912617,0.04760148,-0.0545647,-0.0319163,0.01804586,0.18568064,0.04256156,0.01897126,0.02538776,-0.0180581,0.01744123,0.10817838,0.04057731,-0.02407796,-0.02178442,0.13190398,0.02274917,0.04833275,0.06146238,-0.04367008,0.02304734,0.04644949,-0.00023167,-0.04702756,0.03858162,-0.04173316,0.01027211,0.08683757,-0.00958729,-0.10612213,-0.04633057,0.01984555,0.0190002,0.00061594,0.01411963,-0.00549138,-0.01290663,-0.02007595,0.05519697,0.04247617,0.0170981,-0.01661574,0.05943021,0.02460324,-0.03084195,-0.00646045,0.02639272,0.02326285],"last_embed":{"tokens":468,"hash":"1gy1ttd"}}},"text":null,"length":0,"last_read":{"hash":"1gy1ttd","at":1782975301804},"key":"GMB_NOTE_SCHEDULE.md#GMB note記事 執筆スケジュール（2026-07-06週公開目標）","lines":[1,93],"size":2406,"outlinks":[],"class_name":"SmartBlock"},
"smart_blocks:GMB_NOTE_SCHEDULE.md#GMB note記事 執筆スケジュール（2026-07-06週公開目標）#全体スケジュール（逆算）": {"path":null,"last_embed":{"hash":"1xd166p","at":1782975301901},"embeddings":{"TaylorAI/bge-micro-v2":{"vec":[-0.04267607,-0.00131752,0.01068691,-0.07037786,0.00793859,0.02521956,-0.08533759,-0.00119962,0.01622752,-0.00291017,-0.0648542,-0.04372427,0.01998228,0.01499018,-0.02870709,-0.06438905,-0.02987394,-0.01530629,-0.02250496,-0.0116044,0.10253415,-0.02098225,-0.009633,-0.02091583,0.03474711,0.01196816,0.01198151,0.00309365,-0.0338283,-0.16241783,-0.0303106,0.02900206,0.07933939,-0.01296292,0.03340628,-0.0297537,-0.04929921,0.0630793,-0.06508423,0.00836131,-0.00119071,0.02062011,-0.01596997,-0.048827,0.00174137,-0.09684866,-0.01391575,0.01447346,-0.00145763,-0.05128785,-0.04214761,-0.05468096,0.009242,0.00473428,0.04073801,0.02859679,0.02927757,-0.02331026,0.00306678,0.08248254,0.04678115,-0.01380156,-0.23163635,0.06769455,-0.01230556,0.00839674,-0.0381288,0.01465232,0.03061218,0.02459136,-0.04979807,-0.02251274,-0.00289163,0.06045321,-0.04613651,-0.01296623,0.00778946,-0.01750752,-0.08792847,0.01185042,-0.04833243,-0.02946045,0.02173898,-0.03063438,0.01378479,0.02957662,0.02524226,-0.00222313,0.00896194,0.0881383,-0.03199387,-0.01734697,0.04634436,0.06241331,-0.05606238,0.02619992,0.04732511,0.00083124,-0.0527207,0.14471965,-0.03454315,0.03428149,0.00001942,0.00951837,0.04580584,-0.02957355,-0.04437306,-0.05526755,-0.02912897,-0.00662584,0.01956155,-0.01501605,0.094199,-0.05179419,-0.00718924,0.03694434,0.06706322,-0.0289188,0.01293236,0.00765205,0.03007529,0.02818382,-0.00741771,0.00382593,0.0345394,0.00800785,0.00474084,0.04271142,0.03030055,0.0188009,-0.00548566,0.04329716,-0.09624559,-0.02555496,0.02659973,-0.00054068,-0.04825751,0.00816711,0.01975987,-0.04266068,0.00192942,-0.08536556,-0.05059991,-0.08002808,-0.00475435,0.071468,-0.04976839,0.0355182,0.01089683,-0.03886384,-0.07563342,0.07155379,0.02811041,-0.05965442,0.02529514,0.03354612,0.07835221,0.09012347,-0.01044109,-0.03371463,-0.02752977,-0.00129698,-0.04704916,0.10175946,0.09177779,-0.08194236,-0.04206001,-0.00547095,0.04397348,-0.06482673,-0.0472625,0.06145839,0.01128415,-0.00090224,0.16601007,0.01183226,0.10157394,0.01333656,-0.01285679,0.01600686,0.05585527,-0.03686801,-0.06410899,0.0238747,0.00152224,-0.04436616,-0.01847968,-0.02464833,0.03531741,0.00351258,-0.09402782,-0.01728282,0.05733617,0.02346191,-0.03706802,-0.09322201,-0.06765763,-0.0518482,0.03609993,-0.02748094,0.12842004,0.01897382,0.01242364,-0.03680402,0.02379481,0.01169389,-0.01810834,-0.04420269,-0.00874208,0.02342952,-0.01168556,0.01824685,0.06592172,0.05208557,-0.06771045,0.00447111,-0.01723276,0.06193416,-0.00016964,0.06165983,-0.00152882,0.04724744,-0.03843237,-0.18953864,-0.02418235,0.00360595,-0.06573796,-0.02715733,0.03414341,0.03578798,-0.06292532,0.08358745,0.05392297,0.08428304,0.03713645,-0.04711878,-0.05926562,-0.02248733,0.01289925,0.00561694,-0.02091737,0.00626736,0.0152451,0.0103147,0.02884156,-0.06623788,0.00960196,0.06103133,-0.03752215,0.10524276,0.01039824,-0.02993951,-0.01740528,0.04950455,0.05972558,-0.01349153,-0.08112739,0.0188561,0.04582281,-0.04921202,0.02609923,0.0011355,-0.04479564,0.00442089,0.09057415,-0.02647773,-0.09130121,-0.07732684,-0.05918995,-0.00659836,-0.03387456,-0.02823732,0.00475669,-0.00592663,0.01553455,0.04512896,0.03797153,0.07079892,0.00333246,-0.02694161,-0.02153403,-0.02646354,0.04536603,-0.03446454,0.00512388,-0.00594991,-0.01125708,-0.01707929,0.01869207,0.01893262,0.01354104,-0.03745336,0.06088296,0.00514819,0.03450264,0.00512575,-0.0181917,0.04299825,-0.01861332,0.01007865,-0.06499624,-0.01592503,-0.03753021,0.02446198,-0.0382304,0.08995976,0.00762417,0.01210471,0.03380529,0.04142686,-0.0551438,0.015767,0.03646788,-0.02821995,-0.02597581,0.02538197,-0.00300285,0.09450876,-0.01140253,-0.30607402,0.02372896,-0.0271309,-0.00379161,0.02572574,0.05624466,-0.05651015,-0.01724622,-0.09413581,0.04006034,-0.04246749,0.04392914,0.0112552,-0.05425224,0.0273697,-0.02796645,0.07921541,0.01242987,0.04743582,-0.05412965,-0.02968423,0.01873373,0.18664324,0.05133749,0.01394119,0.01549054,-0.01861938,0.01717347,0.11156039,0.04166654,-0.021365,-0.01547424,0.13088183,0.02197217,0.05035582,0.05912408,-0.04226631,0.02035101,0.05086362,-0.00089815,-0.04110702,0.04052922,-0.04296114,0.00390546,0.09077743,-0.00613585,-0.10433295,-0.0439195,0.01911071,0.02478218,0.00529259,0.01751562,-0.00567783,-0.01935632,-0.01178636,0.05309826,0.04254651,0.01578961,-0.02150697,0.06390081,0.02254668,-0.02231548,-0.00708429,0.02941657,0.0263076],"last_embed":{"tokens":493,"hash":"1xd166p"}}},"text":null,"length":0,"last_read":{"hash":"1xd166p","at":1782975301901},"key":"GMB_NOTE_SCHEDULE.md#GMB note記事 執筆スケジュール（2026-07-06週公開目標）#全体スケジュール（逆算）","lines":[3,17],"size":654,"outlinks":[],"class_name":"SmartBlock"},
"smart_blocks:GMB_NOTE_SCHEDULE.md#GMB note記事 執筆スケジュール（2026-07-06週公開目標）#全体スケジュール（逆算）#{1}": {"path":null,"last_embed":{"hash":"baaux1","at":1782975302032},"embeddings":{"TaylorAI/bge-micro-v2":{"vec":[-0.04366671,-0.00160656,0.01111718,-0.06916772,0.00599479,0.02482878,-0.08515139,-0.00189492,0.01593394,-0.00308158,-0.06469522,-0.04222059,0.02223297,0.01554233,-0.02821475,-0.0671759,-0.03063763,-0.01556917,-0.02177097,-0.01031325,0.10318359,-0.01851198,-0.00834683,-0.02074564,0.03468323,0.01528447,0.01109831,0.00243698,-0.03255827,-0.16360226,-0.03173177,0.02847255,0.07856622,-0.01295212,0.03453023,-0.02981004,-0.04885104,0.0633553,-0.06502464,0.0090577,0.00098373,0.0223123,-0.0154394,-0.04982853,0.00351642,-0.09735359,-0.01574909,0.01374446,-0.00109127,-0.05091733,-0.04071761,-0.05476117,0.00928395,0.0048556,0.04004944,0.02841887,0.02739115,-0.02327486,0.00198548,0.08201955,0.04759459,-0.01341771,-0.23091646,0.06726813,-0.01233676,0.0081271,-0.03901102,0.01568693,0.02846491,0.02412969,-0.05077311,-0.02159364,-0.00396666,0.06201465,-0.04684611,-0.01432135,0.00756901,-0.01940723,-0.08788719,0.01181879,-0.0490584,-0.02870201,0.02094658,-0.03031932,0.01495709,0.02938905,0.02536476,-0.00313726,0.00958003,0.086969,-0.03201954,-0.01707972,0.04678813,0.06144558,-0.05588117,0.02533,0.04691264,0.00069113,-0.05399207,0.14522459,-0.03413442,0.0340201,-0.00027013,0.01191344,0.0463191,-0.02883936,-0.04207174,-0.05709309,-0.02920629,-0.00738287,0.01833374,-0.01490827,0.09299443,-0.05283941,-0.00834741,0.03623568,0.06752568,-0.03084248,0.01558896,0.00752431,0.03180113,0.02735272,-0.00769322,0.00392086,0.03303348,0.00750055,0.0045355,0.04306789,0.02873906,0.01864854,-0.00455638,0.04196098,-0.09565977,-0.02515673,0.02932393,-0.00104166,-0.04704562,0.00709099,0.01968978,-0.04495472,0.0028509,-0.08450802,-0.04944521,-0.0802983,-0.00704614,0.0742031,-0.05034552,0.03770419,0.01176674,-0.03956371,-0.07513396,0.07168043,0.02753044,-0.05934863,0.02458573,0.0338761,0.08016349,0.08828107,-0.01051622,-0.03391719,-0.02800733,-0.00157427,-0.047176,0.10303936,0.09177306,-0.08024034,-0.04122473,-0.00619635,0.04332886,-0.06566838,-0.04548149,0.05906345,0.0102958,-0.00119015,0.16549629,0.01232781,0.10122149,0.01384674,-0.01136722,0.01676508,0.05472482,-0.03670787,-0.06407031,0.0235433,0.00253612,-0.04428077,-0.01646739,-0.02330658,0.0360865,0.00236711,-0.09290349,-0.01600583,0.05688464,0.02422702,-0.03874857,-0.09510547,-0.06860669,-0.05053152,0.03635932,-0.02887801,0.12833403,0.01974728,0.01048733,-0.03923623,0.02551248,0.00931819,-0.01746691,-0.04488651,-0.00711939,0.02238077,-0.01186511,0.01971737,0.06630383,0.05261308,-0.06686439,0.00427344,-0.01579749,0.06188528,-0.00137163,0.06209701,-0.00241332,0.04652631,-0.04048897,-0.18857652,-0.02509375,0.00378958,-0.06549278,-0.02680936,0.03206372,0.03467623,-0.06408318,0.08351259,0.05315201,0.08495501,0.03627316,-0.04809597,-0.06023166,-0.02235265,0.01373693,0.00701514,-0.02023511,0.00725746,0.01467595,0.01122543,0.02678281,-0.06628696,0.00879006,0.06113053,-0.03651825,0.10521961,0.01044405,-0.03075543,-0.01739568,0.04890683,0.05745264,-0.01367514,-0.08146819,0.0174695,0.04783976,-0.05019929,0.02567408,0.00112567,-0.04439597,0.00241136,0.0910693,-0.02563263,-0.09055272,-0.07640886,-0.06143081,-0.00475327,-0.0334963,-0.02608537,0.00314954,-0.00665063,0.01370921,0.04308902,0.0388917,0.06910191,0.00366777,-0.02663908,-0.02148476,-0.02661312,0.04457335,-0.03444517,0.00565533,-0.00557093,-0.01252478,-0.01594604,0.01968775,0.01891812,0.01391304,-0.03815996,0.06065017,0.00739727,0.03501651,0.00333116,-0.01833709,0.04368318,-0.01824824,0.01140597,-0.0651382,-0.01440946,-0.03638834,0.02421186,-0.03810515,0.09111064,0.00733578,0.01162106,0.03235278,0.04041697,-0.05450191,0.01786444,0.03720414,-0.02744353,-0.02494606,0.02727273,-0.00284693,0.09503929,-0.01281915,-0.30564025,0.02512832,-0.02892019,-0.00452919,0.02333063,0.05433851,-0.05760545,-0.01797523,-0.09308688,0.04023784,-0.04269147,0.04398954,0.01089062,-0.05545311,0.02692978,-0.02674381,0.07955691,0.01210073,0.04907081,-0.05454721,-0.02932196,0.01891582,0.18735191,0.05102884,0.01331866,0.0149467,-0.01923255,0.0180821,0.11214184,0.04117907,-0.02149606,-0.01499267,0.13010724,0.02525801,0.04966203,0.06046074,-0.04253504,0.0199821,0.05015241,-0.00094425,-0.04155917,0.04147346,-0.04496517,0.00483745,0.09098887,-0.00730055,-0.10414872,-0.04290694,0.01918577,0.02272244,0.00425499,0.01837799,-0.00733258,-0.01953336,-0.00825679,0.05354103,0.04151096,0.01664787,-0.021627,0.06538341,0.02301722,-0.02158996,-0.00556175,0.03056175,0.0270591],"last_embed":{"tokens":492,"hash":"baaux1"}}},"text":null,"length":0,"last_read":{"hash":"baaux1","at":1782975302032},"key":"GMB_NOTE_SCHEDULE.md#GMB note記事 執筆スケジュール（2026-07-06週公開目標）#全体スケジュール（逆算）#{1}","lines":[5,17],"size":637,"outlinks":[],"class_name":"SmartBlock"},
"smart_blocks:GMB_NOTE_SCHEDULE.md#GMB note記事 執筆スケジュール（2026-07-06週公開目標）#記事構成案（骨子・後日ブラッシュアップ）": {"path":null,"last_embed":{"hash":"f24in","at":1782975302153},"embeddings":{"TaylorAI/bge-micro-v2":{"vec":[-0.02583261,0.00215249,0.00159629,-0.09204079,0.00070312,0.02263028,-0.05678889,0.00894572,0.04264518,0.01243293,-0.03756424,-0.04689163,0.0375049,0.04368267,-0.04820466,-0.0698973,-0.04633184,-0.02556667,-0.03094645,-0.00986471,0.11090348,-0.02385199,-0.01120486,-0.03008875,0.01787669,0.02161038,-0.0065713,0.01379697,-0.05257378,-0.1826493,-0.02495304,0.00287064,0.1186529,-0.01843397,0.03216688,-0.05301968,-0.04654633,0.0620885,-0.09195535,0.02710312,-0.01792437,0.01179559,0.00803718,-0.04179272,0.01987346,-0.0885227,-0.019826,0.02253715,-0.01814751,-0.02400295,-0.01836051,-0.04722467,-0.00065162,0.0296294,0.03374719,0.00517211,0.03459131,-0.0312881,0.02150053,0.05267292,0.03518742,-0.00609611,-0.21860202,0.06598791,-0.02243016,0.02871931,-0.02066983,-0.00128817,0.01644263,0.01225888,-0.05261976,-0.01377076,0.01653487,0.04871277,-0.0267277,-0.02653457,-0.00211035,-0.01283958,-0.06393455,-0.01370744,-0.04933324,-0.022918,-0.00804617,-0.03969825,0.01367609,0.02129103,-0.01904902,-0.00554381,0.01740659,0.10808701,-0.00470017,0.00505863,0.04008161,0.03836573,-0.049422,0.0472152,0.0415053,0.01737043,-0.06438541,0.14051843,-0.02603873,0.02268094,0.00280866,0.01789678,0.04567086,-0.0431885,-0.02996122,-0.06805183,-0.02318711,-0.00802072,0.03465751,-0.00090478,0.08916495,-0.02834861,-0.0159894,0.03351923,0.06967005,-0.01855954,0.0113918,-0.01061986,0.01107712,-0.00785643,-0.011823,-0.01690541,0.01617697,0.00835451,0.00779825,0.05746288,0.02219184,0.03847974,0.03653846,0.0357257,-0.09957474,-0.01816595,0.03440728,-0.01467374,-0.03453247,-0.00865027,0.00419571,-0.02799839,-0.02022815,-0.09637357,-0.04074692,-0.0843935,-0.02644137,0.09059411,-0.04037676,0.03352548,0.00561916,-0.01660409,-0.03495423,0.05928484,0.04197346,-0.06137396,0.04464753,0.03617244,0.06792761,0.09900911,-0.02289074,-0.03154486,-0.0528211,-0.00604383,-0.04015102,0.11900522,0.09303601,-0.07547756,-0.07281609,0.02077019,0.07695657,-0.06598062,-0.00397959,0.03520634,0.0311075,-0.03041053,0.12801906,-0.0084509,0.09145016,0.0007634,-0.01406896,0.03007583,0.05592465,-0.04228649,-0.05415565,0.03324073,-0.00368359,-0.07395984,-0.01810226,-0.03138442,0.01110266,0.01394736,-0.06462222,0.00668391,0.03682592,0.02614468,-0.003179,-0.07058226,-0.07245771,-0.05898907,0.02617543,-0.04016447,0.1111777,-0.00527171,0.00538123,-0.03317546,0.04058295,-0.01333806,0.01942039,-0.04366339,0.00485082,0.03904553,-0.00082086,-0.02470401,0.04667464,0.06533279,-0.04851043,-0.00267753,-0.00315286,0.05280292,0.01163325,0.08365671,-0.02098251,0.04883449,-0.06979769,-0.19132991,-0.02087471,0.01846896,-0.07300872,-0.03836979,-0.00722526,0.03780402,-0.05431263,0.08648941,0.03243933,0.09927566,0.04069844,-0.06348054,-0.05351905,-0.01563277,0.01219046,-0.01103596,0.02074254,0.00924336,0.00729461,0.01528985,0.01680175,-0.03703464,0.0113922,0.06742413,-0.05965052,0.09977245,-0.00559045,-0.03142522,-0.00852092,0.04013086,0.03565254,-0.00330444,-0.06263222,0.02303313,0.02024451,-0.0478727,0.00154728,0.0019384,-0.03841863,-0.01555604,0.08847858,-0.02030331,-0.05948664,-0.08535776,-0.06852692,0.00628958,-0.02232658,-0.02885248,0.02142944,0.00779857,-0.02270438,0.04068632,0.04613305,0.07502899,-0.00262569,-0.03405582,-0.00435532,-0.03469521,0.06182228,-0.03219,0.01390441,-0.0121846,-0.02357552,-0.00769809,0.01999209,0.01454971,0.02870941,-0.02155663,0.06541957,0.03228709,0.07863637,0.02322942,-0.01300157,0.05950811,-0.01825273,0.02178568,-0.08056686,-0.02487509,-0.01077104,0.00505736,-0.02930547,0.07857451,0.02105732,0.0112983,0.04287263,0.04457603,-0.07032939,0.042702,0.01342326,-0.03220256,-0.04106805,0.01363474,0.00568784,0.08203508,-0.05908171,-0.29103521,0.04316429,-0.04508783,0.0220852,0.02484116,0.03967188,-0.05973417,-0.01611347,-0.09630896,0.03937724,-0.03358423,0.0313343,-0.00751842,-0.0416087,0.01020446,0.00165642,0.07559264,0.00434553,0.04167211,-0.03850199,-0.0135053,0.01436714,0.18589798,0.05198186,0.00711311,0.01671118,-0.04278195,0.00634689,0.1035411,0.02155764,-0.03168684,-0.01730455,0.14843306,-0.0134968,0.08911175,0.06904306,-0.03308984,-0.01023902,0.05929223,0.00451081,-0.04250713,0.03558929,-0.01556298,0.02971427,0.10424221,0.00048604,-0.12814128,-0.06514388,-0.00220402,0.02528471,-0.02349306,0.02206975,0.00232499,-0.02106483,-0.00470524,0.0474868,0.0297333,0.02645538,-0.02851255,0.04102771,0.03625654,-0.00633539,-0.00652092,0.01508348,0.01761488],"last_embed":{"tokens":396,"hash":"f24in"}}},"text":null,"length":0,"last_read":{"hash":"f24in","at":1782975302153},"key":"GMB_NOTE_SCHEDULE.md#GMB note記事 執筆スケジュール（2026-07-06週公開目標）#記事構成案（骨子・後日ブラッシュアップ）","lines":[18,37],"size":462,"outlinks":[],"class_name":"SmartBlock"},
"smart_blocks:GMB_NOTE_SCHEDULE.md#GMB note記事 執筆スケジュール（2026-07-06週公開目標）#記事構成案（骨子・後日ブラッシュアップ）#{1}": {"path":null,"last_embed":{"hash":"d0on02","at":1782975302239},"embeddings":{"TaylorAI/bge-micro-v2":{"vec":[-0.02722319,0.00131761,0.00099074,-0.09128049,-0.00148099,0.02198921,-0.05426337,0.0082181,0.0449018,0.0117317,-0.03672976,-0.0454251,0.0397661,0.04503057,-0.04867889,-0.07016896,-0.04659509,-0.02665618,-0.03130584,-0.00922614,0.11061253,-0.02376155,-0.01081163,-0.03167284,0.01687295,0.02396466,-0.00727718,0.01380276,-0.0525933,-0.18276183,-0.02753429,0.00385056,0.11806491,-0.01727748,0.03042241,-0.05269508,-0.04603864,0.06126407,-0.09311192,0.02579586,-0.01701179,0.01190298,0.00866227,-0.04250111,0.0225527,-0.0865982,-0.01831957,0.0192778,-0.01947541,-0.02460024,-0.0171881,-0.04545333,-0.00013594,0.02870032,0.03477694,0.00427125,0.03532384,-0.03109173,0.02313392,0.05112116,0.0359134,-0.00648361,-0.21916883,0.06432091,-0.02366349,0.02771903,-0.02446477,0.00079002,0.01587301,0.01106196,-0.05095807,-0.01395872,0.01769379,0.04811408,-0.02613712,-0.02454462,-0.00334725,-0.01506137,-0.06317064,-0.01257681,-0.04836241,-0.02165964,-0.01153866,-0.04257486,0.01386627,0.02385033,-0.01815466,-0.00898212,0.01897009,0.10760326,-0.00561502,0.00477391,0.03955104,0.03887749,-0.04767467,0.04929214,0.04084739,0.01566038,-0.06351659,0.13982804,-0.02594657,0.01823352,0.00362865,0.01915473,0.04270758,-0.04303082,-0.03373661,-0.06691141,-0.02160049,-0.00913896,0.03384278,0.00179955,0.08973766,-0.02956924,-0.0170475,0.03310351,0.06886675,-0.01798236,0.01010588,-0.01312038,0.01614047,-0.01242621,-0.01369716,-0.01683035,0.01178915,0.00797628,0.00844221,0.05941042,0.01957906,0.03916752,0.03817186,0.03566865,-0.10037392,-0.01843241,0.0353682,-0.01479727,-0.03380592,-0.00894863,0.00243994,-0.02840366,-0.02287135,-0.09771165,-0.03958782,-0.08479099,-0.02596282,0.09461676,-0.03970019,0.03473971,0.00510274,-0.01619398,-0.03416888,0.05929258,0.03978302,-0.06245511,0.04275333,0.03585853,0.06925672,0.09817493,-0.02270711,-0.02952445,-0.05496544,-0.00454605,-0.03875701,0.12019321,0.09202301,-0.07530823,-0.07384829,0.02170574,0.07585636,-0.06762508,-0.00235749,0.03697147,0.03073073,-0.0314587,0.12682095,-0.00776564,0.09078684,-0.00065809,-0.01551693,0.03008519,0.05682964,-0.04492277,-0.05262538,0.03393703,-0.00246863,-0.07474093,-0.01770768,-0.03107743,0.01043539,0.01128197,-0.06647205,0.00758014,0.03893842,0.02865337,-0.0040929,-0.06917431,-0.07357788,-0.05784361,0.02530892,-0.03805421,0.1116268,-0.00447371,0.00318416,-0.0346676,0.04102671,-0.01208123,0.01916757,-0.04348759,0.00369782,0.03997568,-0.00300847,-0.02401279,0.0462644,0.06746858,-0.04705653,-0.00124252,-0.00295688,0.05262903,0.01016746,0.08050046,-0.0195039,0.04783278,-0.06931304,-0.19155821,-0.02133753,0.01659969,-0.0701842,-0.03948236,-0.00904234,0.03796106,-0.05399925,0.08763208,0.03350709,0.099682,0.03874895,-0.0631991,-0.0533809,-0.01383069,0.01215106,-0.0103172,0.0209337,0.00910548,0.0083006,0.01616187,0.01621086,-0.0348427,0.01114826,0.06835265,-0.0559047,0.10024769,-0.00731704,-0.0321336,-0.00887182,0.03859644,0.03531526,-0.00578273,-0.06148126,0.02381408,0.02008498,-0.04847055,-0.00006462,0.00201513,-0.03709723,-0.01648461,0.08894691,-0.02030293,-0.06042653,-0.08540316,-0.06815978,0.0054786,-0.02296848,-0.02931692,0.02343967,0.00753366,-0.0224023,0.04265849,0.04730983,0.07202259,-0.00149923,-0.03399409,-0.00305148,-0.03334786,0.06186179,-0.03332372,0.01286508,-0.0122329,-0.02183135,-0.00674176,0.01635206,0.01609252,0.02705104,-0.02273131,0.06583258,0.0349986,0.08112011,0.02241773,-0.0124872,0.06075671,-0.01693711,0.02268185,-0.08279706,-0.0258461,-0.00691575,0.00792623,-0.02688724,0.07926942,0.02051201,0.011136,0.04264471,0.04623466,-0.07174652,0.0411248,0.01316398,-0.0333767,-0.04038522,0.01437176,0.00446279,0.07975975,-0.06010401,-0.29270548,0.04193355,-0.04407127,0.02438748,0.02228734,0.03818003,-0.06027528,-0.01536677,-0.09586515,0.03977617,-0.03562906,0.03374644,-0.00472151,-0.0405039,0.00903348,0.00264882,0.07350804,0.00409979,0.04251841,-0.03706154,-0.01218074,0.01757323,0.18588476,0.05132575,0.00705646,0.01431488,-0.04364104,0.00679592,0.10337047,0.02123944,-0.03174812,-0.01833482,0.14712171,-0.01256455,0.08940517,0.0675946,-0.03508328,-0.00966649,0.05785179,0.00722377,-0.04220333,0.03676371,-0.01703958,0.02954166,0.10539876,0.00126233,-0.12530272,-0.06411237,-0.0017306,0.02683392,-0.02176505,0.01937728,0.0000813,-0.02211889,-0.00442287,0.04798026,0.02969314,0.02882216,-0.02818504,0.03989836,0.03886169,-0.00676032,-0.00383835,0.01723945,0.01843564],"last_embed":{"tokens":395,"hash":"d0on02"}}},"text":null,"length":0,"last_read":{"hash":"d0on02","at":1782975302239},"key":"GMB_NOTE_SCHEDULE.md#GMB note記事 執筆スケジュール（2026-07-06週公開目標）#記事構成案（骨子・後日ブラッシュアップ）#{1}","lines":[20,37],"size":437,"outlinks":[],"class_name":"SmartBlock"},
"smart_blocks:GMB_NOTE_SCHEDULE.md#GMB note記事 執筆スケジュール（2026-07-06週公開目標）#執筆前ヒアリング項目（7/5に入江さんへ）": {"path":null,"last_embed":{"hash":"1vv8g4p","at":1782975302340},"embeddings":{"TaylorAI/bge-micro-v2":{"vec":[-0.04610623,0.00354429,0.01043346,-0.08806183,-0.03187581,0.00413559,-0.04825225,0.00928939,0.05646119,-0.01727077,-0.05856384,-0.04335272,0.05133893,0.01597754,-0.02487359,-0.09218261,-0.01977592,-0.02538111,-0.03997852,0.00265257,0.08969481,-0.04703985,0.00226394,-0.01966871,0.03381955,0.02323213,0.00108362,0.01646297,-0.01437808,-0.15745527,-0.0284253,-0.03743849,0.09683454,-0.03034677,0.03825905,-0.0454918,-0.0262255,0.05902709,-0.09404288,0.02046261,0.00678682,0.02899966,-0.00154451,-0.04161884,0.01294794,-0.0993735,-0.01235702,0.00286993,-0.01876361,-0.02433286,-0.01163714,-0.03325954,-0.0085922,0.00054452,-0.00050246,0.01034289,0.02358609,-0.00766803,0.0155821,0.07521596,0.050615,-0.0110991,-0.21003437,0.08033036,-0.01140889,0.03903754,-0.01114059,-0.00362101,0.01084694,0.02114161,-0.06131097,-0.00483284,-0.01234869,0.06848899,-0.0169933,-0.04810368,-0.00482889,-0.00139783,-0.05928033,-0.01496297,-0.03758308,-0.01327834,0.01886974,-0.01083092,0.03531778,0.0183248,-0.02499146,0.0078605,0.01414468,0.09334017,-0.01528858,-0.01787131,0.04436372,0.0398763,-0.06513888,0.04204219,0.05424356,0.02069208,-0.08146878,0.15007435,-0.04876806,0.01753577,-0.00064971,0.01064302,0.05032413,-0.03480851,0.00156445,-0.07424693,-0.00294215,-0.02382278,0.0093621,-0.00178099,0.06966593,-0.0572991,-0.01786556,0.02358622,0.08675826,-0.04760514,0.03610795,0.0078591,0.03222829,0.02099208,0.00474911,-0.01917154,0.03404722,0.00633025,0.04168441,0.0385888,0.03457073,0.04855336,0.01072514,0.02824894,-0.08969607,-0.02638404,0.04748127,0.01951892,-0.04505027,-0.01993316,0.00753571,-0.04142136,-0.01545142,-0.09105682,-0.03193668,-0.06716183,0.00157828,0.07343482,-0.03722498,0.02833105,-0.01010379,-0.02484415,-0.03879949,0.07644797,0.03722706,-0.04496771,0.0123705,0.0422993,0.08113161,0.10800345,-0.02236218,-0.03988942,-0.02505242,-0.00888221,-0.01919494,0.11485851,0.0981828,-0.0965822,-0.0401846,-0.01227257,0.06408363,-0.081861,-0.01862988,0.0476509,-0.00790221,-0.02217473,0.13307014,-0.00822183,0.07483556,0.00972106,-0.01093284,0.02844013,0.04038285,-0.04340041,-0.06409912,0.02577987,-0.01763289,-0.06493603,-0.01314348,-0.02239035,0.02770993,0.04539283,-0.09082725,-0.00105612,0.05836848,0.0233207,-0.02270427,-0.05195718,-0.08154745,-0.06459807,0.02509877,-0.04271441,0.1415322,0.00191915,-0.00875507,-0.05013742,0.03010527,-0.00813613,0.0003563,-0.02670274,0.00853257,0.01421605,-0.00586177,0.0193096,0.06120446,0.03629509,-0.03623581,-0.0119327,-0.01497243,0.0502045,0.02036085,0.07267906,-0.02721305,0.07320824,-0.08156054,-0.20090295,-0.0157011,0.00095942,-0.04582458,-0.03470465,-0.01740108,0.04798252,-0.05726428,0.08042889,0.0509936,0.10119196,0.03993173,-0.05728519,-0.05473274,-0.03473119,-0.01093368,-0.00100051,-0.00892758,0.00789286,0.00670925,-0.00152799,0.01232159,-0.04546768,-0.00700235,0.07380579,-0.04881416,0.09427138,0.05192047,-0.03501296,-0.03020565,0.06647728,0.06059598,0.00526426,-0.10195752,0.00735966,0.03097042,-0.02886654,0.00409006,0.0193891,-0.04312555,-0.01456011,0.07220539,-0.01320607,-0.07935183,-0.06302965,-0.06909359,0.00405751,-0.04304361,-0.03571618,-0.00067785,-0.00503787,-0.00226098,0.05157427,0.04429002,0.04428791,0.01446921,-0.01639664,-0.00444815,-0.03194327,0.03514852,-0.03621723,0.02963731,0.01033706,-0.01212799,-0.01232876,0.02954967,0.03843659,0.02015623,-0.0356769,0.05176372,0.01586524,0.06710779,0.00956413,-0.01167404,0.0314243,-0.0234813,0.0142585,-0.05937551,-0.03782576,-0.03021448,0.02039339,-0.02985174,0.08668371,0.00383099,-0.00674765,0.03347535,0.04940719,-0.11088055,0.0368131,-0.00086964,0.00086653,-0.03624822,0.00600578,-0.02010325,0.08632353,-0.03271591,-0.284657,0.01311921,-0.0423747,-0.00388207,0.04459862,0.04283875,-0.0464944,-0.02004937,-0.10640496,0.05844046,-0.04136813,0.02467338,-0.0144554,-0.04312621,0.0124381,0.0145647,0.0860718,-0.00774963,0.04312623,-0.04396893,-0.01321227,0.01048591,0.19130063,0.08418312,0.0110278,0.02556415,-0.01866143,0.0035694,0.13179478,0.03625535,-0.02088491,-0.01054182,0.1240663,0.01045013,0.06088227,0.06697046,-0.03177228,0.02091443,0.02482338,0.00175208,-0.02835093,0.02873325,0.01484777,0.00262737,0.08774364,-0.01629813,-0.09867257,-0.06976186,-0.01168279,0.01901241,-0.01862517,-0.00399072,-0.00209545,-0.02447131,-0.0253632,0.04793144,0.04090685,0.01238719,0.00070573,0.0538463,0.0236195,-0.01014411,0.01592901,0.01815752,0.02624367],"last_embed":{"tokens":432,"hash":"1vv8g4p"}}},"text":null,"length":0,"last_read":{"hash":"1vv8g4p","at":1782975302340},"key":"GMB_NOTE_SCHEDULE.md#GMB note記事 執筆スケジュール（2026-07-06週公開目標）#執筆前ヒアリング項目（7/5に入江さんへ）","lines":[38,65],"size":559,"outlinks":[],"class_name":"SmartBlock"},
"smart_blocks:GMB_NOTE_SCHEDULE.md#GMB note記事 執筆スケジュール（2026-07-06週公開目標）#執筆前ヒアリング項目（7/5に入江さんへ）#{1}": {"path":null,"last_embed":{"hash":null},"embeddings":{},"text":null,"length":0,"last_read":{"hash":"180m8iy","at":1782975294683},"key":"GMB_NOTE_SCHEDULE.md#GMB note記事 執筆スケジュール（2026-07-06週公開目標）#執筆前ヒアリング項目（7/5に入江さんへ）#{1}","lines":[40,41],"size":26,"outlinks":[],"class_name":"SmartBlock"},
"smart_blocks:GMB_NOTE_SCHEDULE.md#GMB note記事 執筆スケジュール（2026-07-06週公開目標）#執筆前ヒアリング項目（7/5に入江さんへ）#開発ストーリー系": {"path":null,"last_embed":{"hash":null},"embeddings":{},"text":null,"length":0,"last_read":{"hash":"1wtx2fh","at":1782975294683},"key":"GMB_NOTE_SCHEDULE.md#GMB note記事 執筆スケジュール（2026-07-06週公開目標）#執筆前ヒアリング項目（7/5に入江さんへ）#開発ストーリー系","lines":[42,48],"size":159,"outlinks":[],"class_name":"SmartBlock"},
"smart_blocks:GMB_NOTE_SCHEDULE.md#GMB note記事 執筆スケジュール（2026-07-06週公開目標）#執筆前ヒアリング項目（7/5に入江さんへ）#開発ストーリー系#{1}": {"path":null,"last_embed":{"hash":null},"embeddings":{},"text":null,"length":0,"last_read":{"hash":"q0kthz","at":1782975294683},"key":"GMB_NOTE_SCHEDULE.md#GMB note記事 執筆スケジュール（2026-07-06週公開目標）#執筆前ヒアリング項目（7/5に入江さんへ）#開発ストーリー系#{1}","lines":[43,43],"size":33,"outlinks":[],"class_name":"SmartBlock"},
"smart_blocks:GMB_NOTE_SCHEDULE.md#GMB note記事 執筆スケジュール（2026-07-06週公開目標）#執筆前ヒアリング項目（7/5に入江さんへ）#開発ストーリー系#{2}": {"path":null,"last_embed":{"hash":null},"embeddings":{},"text":null,"length":0,"last_read":{"hash":"clk2ij","at":1782975294683},"key":"GMB_NOTE_SCHEDULE.md#GMB note記事 執筆スケジュール（2026-07-06週公開目標）#執筆前ヒアリング項目（7/5に入江さんへ）#開発ストーリー系#{2}","lines":[44,44],"size":23,"outlinks":[],"class_name":"SmartBlock"},
"smart_blocks:GMB_NOTE_SCHEDULE.md#GMB note記事 執筆スケジュール（2026-07-06週公開目標）#執筆前ヒアリング項目（7/5に入江さんへ）#開発ストーリー系#{3}": {"path":null,"last_embed":{"hash":null},"embeddings":{},"text":null,"length":0,"last_read":{"hash":"blvdd7","at":1782975294683},"key":"GMB_NOTE_SCHEDULE.md#GMB note記事 執筆スケジュール（2026-07-06週公開目標）#執筆前ヒアリング項目（7/5に入江さんへ）#開発ストーリー系#{3}","lines":[45,45],"size":23,"outlinks":[],"class_name":"SmartBlock"},
"smart_blocks:GMB_NOTE_SCHEDULE.md#GMB note記事 執筆スケジュール（2026-07-06週公開目標）#執筆前ヒアリング項目（7/5に入江さんへ）#開発ストーリー系#{4}": {"path":null,"last_embed":{"hash":null},"embeddings":{},"text":null,"length":0,"last_read":{"hash":"1bxfc9w","at":1782975294683},"key":"GMB_NOTE_SCHEDULE.md#GMB note記事 執筆スケジュール（2026-07-06週公開目標）#執筆前ヒアリング項目（7/5に入江さんへ）#開発ストーリー系#{4}","lines":[46,46],"size":30,"outlinks":[],"class_name":"SmartBlock"},
"smart_blocks:GMB_NOTE_SCHEDULE.md#GMB note記事 執筆スケジュール（2026-07-06週公開目標）#執筆前ヒアリング項目（7/5に入江さんへ）#開発ストーリー系#{5}": {"path":null,"last_embed":{"hash":null},"embeddings":{},"text":null,"length":0,"last_read":{"hash":"70key6","at":1782975294683},"key":"GMB_NOTE_SCHEDULE.md#GMB note記事 執筆スケジュール（2026-07-06週公開目標）#執筆前ヒアリング項目（7/5に入江さんへ）#開発ストーリー系#{5}","lines":[47,48],"size":33,"outlinks":[],"class_name":"SmartBlock"},
"smart_blocks:GMB_NOTE_SCHEDULE.md#GMB note記事 執筆スケジュール（2026-07-06週公開目標）#執筆前ヒアリング項目（7/5に入江さんへ）#技術詳細系": {"path":null,"last_embed":{"hash":null},"embeddings":{},"text":null,"length":0,"last_read":{"hash":"1f4pocc","at":1782975294683},"key":"GMB_NOTE_SCHEDULE.md#GMB note記事 執筆スケジュール（2026-07-06週公開目標）#執筆前ヒアリング項目（7/5に入江さんへ）#技術詳細系","lines":[49,54],"size":164,"outlinks":[],"class_name":"SmartBlock"},
"smart_blocks:GMB_NOTE_SCHEDULE.md#GMB note記事 執筆スケジュール（2026-07-06週公開目標）#執筆前ヒアリング項目（7/5に入江さんへ）#技術詳細系#{1}": {"path":null,"last_embed":{"hash":null},"embeddings":{},"text":null,"length":0,"last_read":{"hash":"dubagy","at":1782975294683},"key":"GMB_NOTE_SCHEDULE.md#GMB note記事 執筆スケジュール（2026-07-06週公開目標）#執筆前ヒアリング項目（7/5に入江さんへ）#技術詳細系#{1}","lines":[50,50],"size":50,"outlinks":[],"class_name":"SmartBlock"},
"smart_blocks:GMB_NOTE_SCHEDULE.md#GMB note記事 執筆スケジュール（2026-07-06週公開目標）#執筆前ヒアリング項目（7/5に入江さんへ）#技術詳細系#{2}": {"path":null,"last_embed":{"hash":null},"embeddings":{},"text":null,"length":0,"last_read":{"hash":"1raasw8","at":1782975294683},"key":"GMB_NOTE_SCHEDULE.md#GMB note記事 執筆スケジュール（2026-07-06週公開目標）#執筆前ヒアリング項目（7/5に入江さんへ）#技術詳細系#{2}","lines":[51,51],"size":28,"outlinks":[],"class_name":"SmartBlock"},
"smart_blocks:GMB_NOTE_SCHEDULE.md#GMB note記事 執筆スケジュール（2026-07-06週公開目標）#執筆前ヒアリング項目（7/5に入江さんへ）#技術詳細系#{3}": {"path":null,"last_embed":{"hash":null},"embeddings":{},"text":null,"length":0,"last_read":{"hash":"p6nag0","at":1782975294683},"key":"GMB_NOTE_SCHEDULE.md#GMB note記事 執筆スケジュール（2026-07-06週公開目標）#執筆前ヒアリング項目（7/5に入江さんへ）#技術詳細系#{3}","lines":[52,52],"size":24,"outlinks":[],"class_name":"SmartBlock"},
"smart_blocks:GMB_NOTE_SCHEDULE.md#GMB note記事 執筆スケジュール（2026-07-06週公開目標）#執筆前ヒアリング項目（7/5に入江さんへ）#技術詳細系#{4}": {"path":null,"last_embed":{"hash":null},"embeddings":{},"text":null,"length":0,"last_read":{"hash":"z5xo4p","at":1782975294683},"key":"GMB_NOTE_SCHEDULE.md#GMB note記事 執筆スケジュール（2026-07-06週公開目標）#執筆前ヒアリング項目（7/5に入江さんへ）#技術詳細系#{4}","lines":[53,54],"size":49,"outlinks":[],"class_name":"SmartBlock"},
"smart_blocks:GMB_NOTE_SCHEDULE.md#GMB note記事 執筆スケジュール（2026-07-06週公開目標）#執筆前ヒアリング項目（7/5に入江さんへ）#数値系": {"path":null,"last_embed":{"hash":null},"embeddings":{},"text":null,"length":0,"last_read":{"hash":"50f563","at":1782975294683},"key":"GMB_NOTE_SCHEDULE.md#GMB note記事 執筆スケジュール（2026-07-06週公開目標）#執筆前ヒアリング項目（7/5に入江さんへ）#数値系","lines":[55,60],"size":87,"outlinks":[],"class_name":"SmartBlock"},
"smart_blocks:GMB_NOTE_SCHEDULE.md#GMB note記事 執筆スケジュール（2026-07-06週公開目標）#執筆前ヒアリング項目（7/5に入江さんへ）#数値系#{1}": {"path":null,"last_embed":{"hash":null},"embeddings":{},"text":null,"length":0,"last_read":{"hash":"1by609q","at":1782975294683},"key":"GMB_NOTE_SCHEDULE.md#GMB note記事 執筆スケジュール（2026-07-06週公開目標）#執筆前ヒアリング項目（7/5に入江さんへ）#数値系#{1}","lines":[56,56],"size":22,"outlinks":[],"class_name":"SmartBlock"},
"smart_blocks:GMB_NOTE_SCHEDULE.md#GMB note記事 執筆スケジュール（2026-07-06週公開目標）#執筆前ヒアリング項目（7/5に入江さんへ）#数値系#{2}": {"path":null,"last_embed":{"hash":null},"embeddings":{},"text":null,"length":0,"last_read":{"hash":"12ssvd9","at":1782975294683},"key":"GMB_NOTE_SCHEDULE.md#GMB note記事 執筆スケジュール（2026-07-06週公開目標）#執筆前ヒアリング項目（7/5に入江さんへ）#数値系#{2}","lines":[57,57],"size":19,"outlinks":[],"class_name":"SmartBlock"},
"smart_blocks:GMB_NOTE_SCHEDULE.md#GMB note記事 執筆スケジュール（2026-07-06週公開目標）#執筆前ヒアリング項目（7/5に入江さんへ）#数値系#{3}": {"path":null,"last_embed":{"hash":null},"embeddings":{},"text":null,"length":0,"last_read":{"hash":"1gmbezh","at":1782975294683},"key":"GMB_NOTE_SCHEDULE.md#GMB note記事 執筆スケジュール（2026-07-06週公開目標）#執筆前ヒアリング項目（7/5に入江さんへ）#数値系#{3}","lines":[58,58],"size":15,"outlinks":[],"class_name":"SmartBlock"},
"smart_blocks:GMB_NOTE_SCHEDULE.md#GMB note記事 執筆スケジュール（2026-07-06週公開目標）#執筆前ヒアリング項目（7/5に入江さんへ）#数値系#{4}": {"path":null,"last_embed":{"hash":null},"embeddings":{},"text":null,"length":0,"last_read":{"hash":"vvr4dr","at":1782975294683},"key":"GMB_NOTE_SCHEDULE.md#GMB note記事 執筆スケジュール（2026-07-06週公開目標）#執筆前ヒアリング項目（7/5に入江さんへ）#数値系#{4}","lines":[59,60],"size":20,"outlinks":[],"class_name":"SmartBlock"},
"smart_blocks:GMB_NOTE_SCHEDULE.md#GMB note記事 執筆スケジュール（2026-07-06週公開目標）#執筆前ヒアリング項目（7/5に入江さんへ）#未来系": {"path":null,"last_embed":{"hash":null},"embeddings":{},"text":null,"length":0,"last_read":{"hash":"1ccokl5","at":1782975294683},"key":"GMB_NOTE_SCHEDULE.md#GMB note記事 執筆スケジュール（2026-07-06週公開目標）#執筆前ヒアリング項目（7/5に入江さんへ）#未来系","lines":[61,65],"size":93,"outlinks":[],"class_name":"SmartBlock"},
"smart_blocks:GMB_NOTE_SCHEDULE.md#GMB note記事 執筆スケジュール（2026-07-06週公開目標）#執筆前ヒアリング項目（7/5に入江さんへ）#未来系#{1}": {"path":null,"last_embed":{"hash":null},"embeddings":{},"text":null,"length":0,"last_read":{"hash":"csf56e","at":1782975294683},"key":"GMB_NOTE_SCHEDULE.md#GMB note記事 執筆スケジュール（2026-07-06週公開目標）#執筆前ヒアリング項目（7/5に入江さんへ）#未来系#{1}","lines":[62,62],"size":20,"outlinks":[],"class_name":"SmartBlock"},
"smart_blocks:GMB_NOTE_SCHEDULE.md#GMB note記事 執筆スケジュール（2026-07-06週公開目標）#執筆前ヒアリング項目（7/5に入江さんへ）#未来系#{2}": {"path":null,"last_embed":{"hash":null},"embeddings":{},"text":null,"length":0,"last_read":{"hash":"1oddq2","at":1782975294683},"key":"GMB_NOTE_SCHEDULE.md#GMB note記事 執筆スケジュール（2026-07-06週公開目標）#執筆前ヒアリング項目（7/5に入江さんへ）#未来系#{2}","lines":[63,63],"size":39,"outlinks":[],"class_name":"SmartBlock"},
"smart_blocks:GMB_NOTE_SCHEDULE.md#GMB note記事 執筆スケジュール（2026-07-06週公開目標）#執筆前ヒアリング項目（7/5に入江さんへ）#未来系#{3}": {"path":null,"last_embed":{"hash":null},"embeddings":{},"text":null,"length":0,"last_read":{"hash":"48hepm","at":1782975294683},"key":"GMB_NOTE_SCHEDULE.md#GMB note記事 執筆スケジュール（2026-07-06週公開目標）#執筆前ヒアリング項目（7/5に入江さんへ）#未来系#{3}","lines":[64,65],"size":24,"outlinks":[],"class_name":"SmartBlock"},
"smart_blocks:GMB_NOTE_SCHEDULE.md#GMB note記事 執筆スケジュール（2026-07-06週公開目標）#保存場所": {"path":null,"last_embed":{"hash":"1778uvp","at":1782975302429},"embeddings":{"TaylorAI/bge-micro-v2":{"vec":[-0.03587088,0.01529122,0.0021738,-0.08120793,-0.00485822,0.05936139,-0.07190214,0.01002835,0.01560422,-0.0272204,-0.07404035,-0.04183271,0.02341741,0.00337016,-0.04777545,-0.05646399,-0.02445038,-0.00413544,-0.03050861,-0.02949044,0.11601941,-0.02240724,-0.01135423,-0.02723547,0.03233051,0.0117175,0.00846118,-0.01815419,-0.02898425,-0.19019455,-0.03114457,0.05024955,0.04744995,-0.01046534,0.04660739,-0.01326676,-0.05561947,0.0688551,-0.06576427,0.0305282,-0.00703783,0.01530558,0.014188,-0.03420472,0.02444195,-0.1120285,-0.01497406,-0.00724433,0.00733635,-0.04732143,-0.02233999,-0.05374149,0.01000562,0.02192172,0.01590197,0.00371119,0.03603658,-0.0292589,0.03768528,0.06320126,0.04274275,-0.02531327,-0.24410591,0.07169243,-0.03757508,0.01646233,-0.03824922,0.01521261,0.02142422,0.04887656,-0.03310527,-0.01142936,-0.01315973,0.03936016,-0.04040003,-0.03149566,0.02163356,-0.00032596,-0.08135241,-0.00679837,-0.02926769,0.00617554,-0.00430296,-0.03753117,-0.00315804,0.02699662,-0.01954555,-0.01154136,0.01811555,0.07046185,0.01760862,-0.02227805,0.01778749,0.05094599,-0.09202305,0.02186319,0.05197778,-0.01708226,-0.02921451,0.142932,-0.03688485,0.02498584,0.0126118,0.0311431,0.04300199,-0.04132938,-0.01421736,-0.05112915,0.00248955,-0.00710722,-0.02024583,-0.02617127,0.07684522,-0.05213162,0.00816857,0.02625696,0.043425,-0.01003259,-0.014342,0.00660207,0.00344681,0.01339146,-0.01333552,0.00023645,0.00482302,0.00216855,0.00223139,0.02172284,0.05339219,0.04206799,0.03569896,0.04658546,-0.07144019,-0.02732016,0.03060506,-0.01870207,-0.03280564,-0.01732427,0.00278546,-0.06299247,-0.00635684,-0.02459924,-0.04265369,-0.05781649,-0.01040266,0.1067975,-0.06053207,0.03170295,-0.01829739,-0.03516252,-0.07238721,0.05370172,0.0391556,-0.02989922,0.0292134,0.05420035,0.05698406,0.10799306,-0.01552643,-0.00987048,-0.01570015,-0.03774801,-0.05587698,0.11453306,0.06344155,-0.07033111,-0.04486578,-0.03107594,0.07339317,-0.05304983,-0.05559768,0.04682699,0.02696766,-0.02108859,0.14002047,-0.00820188,0.08822058,-0.0280168,0.0127063,-0.01209704,0.06831659,-0.04228622,-0.06124113,0.00858853,-0.03031399,-0.06299736,-0.0198203,-0.02697286,0.02490618,0.03861567,-0.10650433,-0.00579307,0.04127054,0.00977838,-0.04228716,-0.07383849,-0.07262534,-0.06380448,0.01870517,-0.02622568,0.10486985,-0.01141696,0.01911375,-0.04266109,0.01015135,0.02876629,0.00629963,-0.02149895,-0.00144895,0.05250015,-0.03079953,0.02271233,0.0657937,0.05227102,-0.02976574,0.00174924,-0.01900153,0.04870838,-0.02493333,0.04188467,-0.01462579,0.05733412,-0.03446634,-0.1920252,-0.01120284,0.03051048,-0.05680097,0.01604576,0.00848674,0.02364649,-0.03042713,0.08979999,0.05447055,0.10206284,0.02273666,-0.06004944,-0.04754091,-0.03028359,-0.00208284,-0.0070077,-0.01699274,0.00031026,0.02150678,0.01043778,0.02397696,-0.07432974,-0.02573779,0.0604916,-0.04243563,0.10684376,0.03096501,-0.00216687,0.0136498,0.04068646,0.0752276,-0.01532885,-0.11556045,0.02853141,0.03725942,-0.06307769,0.00624259,-0.01651554,-0.05466792,-0.0008425,0.07158986,-0.01679204,-0.09048943,-0.07339875,-0.06231195,-0.0307288,-0.00953984,-0.03076765,0.03620789,-0.01300227,-0.00427767,0.03564003,0.01215646,0.06889093,0.00168004,-0.01408981,0.01826194,-0.04205365,0.0731343,-0.00928906,0.01822914,0.00722831,-0.02997179,-0.00560831,0.01589355,0.00361379,0.00110926,-0.01370612,0.04734556,0.00988331,0.0378146,0.02265064,-0.05054372,0.06707723,0.0008323,0.01876461,-0.05243739,-0.01741629,-0.04667526,0.01791198,-0.03330063,0.06968556,0.02132109,0.03377736,0.06451025,0.03179258,-0.07801206,0.02835062,0.00470811,-0.02632052,-0.02802366,0.0054167,-0.01881811,0.10081237,-0.01490896,-0.29198873,0.03036752,-0.00393714,0.02435308,0.02528813,0.05032126,-0.01350748,0.01165707,-0.1044414,0.04371574,-0.03135153,0.04154454,0.00073559,-0.03473882,0.0056511,-0.03016447,0.10508978,-0.00260997,0.09043369,-0.04727424,-0.03079954,-0.00714629,0.19403659,0.06473082,0.01179539,-0.0068728,-0.01465861,0.02751274,0.12779373,0.02099226,-0.00160528,-0.0017229,0.10832939,0.01635962,0.05327877,0.05778009,-0.02721164,0.03632599,0.02575283,0.01103029,-0.02172946,0.00376453,-0.03923975,0.00667615,0.07995129,-0.02126053,-0.08095647,-0.02349269,-0.01582299,0.00294265,-0.01139715,0.0168162,-0.01479564,-0.04356034,0.00901047,0.0944668,0.06578024,0.01239875,-0.01822617,0.09234569,0.02188738,-0.0212558,0.03345297,0.0140291,0.03416384],"last_embed":{"tokens":186,"hash":"1778uvp"}}},"text":null,"length":0,"last_read":{"hash":"1778uvp","at":1782975302429},"key":"GMB_NOTE_SCHEDULE.md#GMB note記事 執筆スケジュール（2026-07-06週公開目標）#保存場所","lines":[66,79],"size":384,"outlinks":[],"class_name":"SmartBlock"},
"smart_blocks:GMB_NOTE_SCHEDULE.md#GMB note記事 執筆スケジュール（2026-07-06週公開目標）#保存場所#{1}": {"path":null,"last_embed":{"hash":"ugif6k","at":1782975302473},"embeddings":{"TaylorAI/bge-micro-v2":{"vec":[-0.03372071,0.01521389,0.00157244,-0.07536443,-0.00282895,0.05690335,-0.07135455,0.01155235,0.01489486,-0.02568746,-0.07625101,-0.042174,0.02743174,0.00492557,-0.04700552,-0.05423501,-0.02297145,-0.00332724,-0.03105725,-0.03062281,0.11902854,-0.02464217,-0.01298688,-0.02819461,0.03136244,0.00783293,0.00679912,-0.01617352,-0.02871947,-0.18988381,-0.03152774,0.04750104,0.04556845,-0.01217023,0.04965583,-0.01170405,-0.05763658,0.06895498,-0.06481285,0.03293166,-0.00505156,0.01487071,0.01233365,-0.03386805,0.02202402,-0.11089487,-0.01446463,-0.00827487,0.00714965,-0.0454385,-0.02143884,-0.05042299,0.00926657,0.0230585,0.01826973,0.00304384,0.03410358,-0.0273193,0.03677841,0.06156008,0.04302511,-0.02509525,-0.2442742,0.07184958,-0.04103942,0.01520348,-0.03834163,0.01464805,0.02389262,0.0461477,-0.0338847,-0.01104441,-0.01442432,0.03834789,-0.04185172,-0.03238549,0.02192174,0.00303607,-0.08461551,-0.00670461,-0.02814993,0.00793028,-0.00603198,-0.03353271,-0.00374923,0.02558218,-0.01683037,-0.01367555,0.0185392,0.06975047,0.01912202,-0.02484523,0.01728231,0.04911206,-0.09593007,0.01862581,0.05265969,-0.01328162,-0.02803418,0.14350605,-0.03676219,0.02561564,0.01597205,0.03097723,0.04386323,-0.04354819,-0.01425687,-0.04898557,0.00084222,-0.00543819,-0.02167095,-0.02444652,0.07523006,-0.05179898,0.00853779,0.02522287,0.04289368,-0.00868367,-0.01323952,0.00615581,0.00350069,0.01376732,-0.0122086,-0.00170773,0.00398779,0.00355295,0.00013564,0.02256333,0.05481728,0.04145609,0.03362845,0.0445413,-0.07108726,-0.02593507,0.02997674,-0.01927813,-0.0355053,-0.01648247,0.00001844,-0.06568715,-0.00509185,-0.02196939,-0.04171329,-0.05410631,-0.00954404,0.10642787,-0.0624397,0.03102482,-0.02097214,-0.03731709,-0.07383495,0.05395776,0.03887694,-0.02952624,0.02762511,0.05544003,0.05607557,0.1067041,-0.01656927,-0.00872872,-0.01582508,-0.03539131,-0.05603368,0.11354011,0.06603406,-0.07030053,-0.04550254,-0.03115586,0.0691833,-0.05020993,-0.05473712,0.04776468,0.02551362,-0.02147734,0.13844328,-0.01060863,0.08488961,-0.03129654,0.01037268,-0.01261568,0.06841966,-0.04513535,-0.06038122,0.00579902,-0.03174984,-0.06212674,-0.02379001,-0.02385402,0.0219447,0.03967541,-0.10611288,-0.00693736,0.03910163,0.00883693,-0.03896147,-0.07209787,-0.07399185,-0.0645824,0.01975401,-0.02543868,0.10445207,-0.01184551,0.02103757,-0.04355874,0.01250637,0.02846314,0.00566728,-0.0199475,-0.00096135,0.05357076,-0.03198017,0.02328967,0.06352922,0.05289934,-0.0324459,0.00194696,-0.01792727,0.04670836,-0.02414471,0.04349411,-0.01472339,0.05771254,-0.03466459,-0.19300015,-0.01033576,0.02662891,-0.05502978,0.01833914,0.00901607,0.02216642,-0.02964623,0.08849461,0.05363669,0.10343671,0.0201779,-0.06052525,-0.04150378,-0.03129987,-0.00084451,-0.01028076,-0.01709184,0.00067607,0.02106481,0.01085358,0.02365532,-0.07314205,-0.02291643,0.06264902,-0.04350766,0.10851066,0.03481779,-0.00138832,0.01121112,0.0398195,0.07593479,-0.01422816,-0.11900826,0.02979736,0.03425834,-0.06577582,0.00651447,-0.01735332,-0.05254908,0.0008828,0.07003306,-0.01723794,-0.08981193,-0.07200561,-0.06226673,-0.03201335,-0.00620036,-0.03113471,0.0380505,-0.01357311,-0.00569305,0.03688544,0.01027887,0.06843789,0.00110588,-0.01533293,0.01894671,-0.03942984,0.07093313,-0.00789677,0.01821105,0.00719145,-0.03234306,-0.00114532,0.01212596,0.00296253,0.0031094,-0.01453791,0.04789518,0.01142653,0.03559372,0.02082144,-0.04959907,0.06527335,-0.00039516,0.01758072,-0.05346347,-0.01874348,-0.0466413,0.01960509,-0.03387308,0.06685912,0.02279161,0.03533505,0.0652545,0.0356627,-0.07893748,0.0294393,0.00389093,-0.02386924,-0.03179235,0.0051901,-0.0165546,0.10189392,-0.01575858,-0.29230005,0.03197087,-0.00449686,0.02269663,0.02700286,0.04875794,-0.01330801,0.01296189,-0.10475892,0.04431012,-0.03030403,0.04075909,0.0021051,-0.03546889,0.00659128,-0.02927775,0.10362022,-0.00164322,0.09702852,-0.04797851,-0.02941043,-0.00769491,0.19530664,0.06552726,0.01114125,-0.00892361,-0.01353784,0.02606621,0.12783727,0.02186096,-0.00145084,-0.0035459,0.10977549,0.01889151,0.05485873,0.06042439,-0.02439973,0.03740219,0.02787977,0.00996313,-0.02117549,0.00313329,-0.04129925,0.00722136,0.08078855,-0.02612586,-0.07622042,-0.02224786,-0.0176556,0.00055635,-0.01076738,0.01651498,-0.01199914,-0.04586068,0.00964162,0.09409695,0.06644151,0.0125939,-0.0185358,0.09634993,0.02157891,-0.02280754,0.03251429,0.01134676,0.03534501],"last_embed":{"tokens":185,"hash":"ugif6k"}}},"text":null,"length":0,"last_read":{"hash":"ugif6k","at":1782975302473},"key":"GMB_NOTE_SCHEDULE.md#GMB note記事 執筆スケジュール（2026-07-06週公開目標）#保存場所#{1}","lines":[68,79],"size":375,"outlinks":[],"class_name":"SmartBlock"},
"smart_blocks:GMB_NOTE_SCHEDULE.md#GMB note記事 執筆スケジュール（2026-07-06週公開目標）#想定リスクと対策": {"path":null,"last_embed":{"hash":"krf3k7","at":1782975302516},"embeddings":{"TaylorAI/bge-micro-v2":{"vec":[-0.05029826,0.00004653,0.00557076,-0.07756731,0.00389458,0.02960633,-0.05754697,0.00168037,0.02916091,-0.01841504,-0.06560192,-0.04179056,0.04391366,0.03185996,-0.02712666,-0.07451805,-0.0263548,-0.02145801,-0.03069639,-0.00855747,0.12525637,-0.03299059,-0.00956785,-0.0219059,0.04315598,0.00781062,-0.01326108,0.02799728,-0.03906041,-0.16071577,-0.03465296,-0.00406359,0.0686349,-0.02364401,0.0414016,-0.02852769,-0.03780757,0.05010024,-0.08668166,0.03529456,0.00041942,0.02728063,0.0115147,-0.04927085,-0.00508595,-0.09193684,-0.02698047,0.0043911,-0.00332764,-0.02512574,-0.0432845,-0.04965672,-0.00941205,0.02170663,0.01541141,0.00270008,0.03840585,-0.02616476,0.02557515,0.0490269,0.04678994,-0.02653852,-0.22123776,0.07074536,-0.02616022,0.03297226,-0.01464066,0.01585419,0.04886228,0.00692853,-0.04591992,0.00093845,-0.01583631,0.06262044,-0.02538874,-0.02714886,0.00238337,-0.0021527,-0.08314795,0.01603096,-0.04347937,-0.00313478,0.03305056,-0.04085095,0.00605263,-0.00109502,-0.00507317,-0.01742108,0.00931773,0.11327858,-0.02418896,-0.0114572,0.04436061,0.06289423,-0.05962541,0.0302784,0.04872231,0.02073648,-0.06829601,0.14369807,-0.04944194,0.04064723,0.00140904,0.03223111,0.04658218,-0.04337193,-0.0207617,-0.06423099,-0.02061042,-0.00613526,0.01876611,-0.02210954,0.08523712,-0.05170134,-0.01586279,0.04818,0.08959339,-0.02098519,-0.00043565,0.00172927,0.02162224,0.00964822,-0.01114669,-0.00450799,0.02985729,-0.00259607,0.00094549,0.05290401,0.01088989,0.02097012,0.02569939,0.03393343,-0.10675026,-0.01226634,0.05201584,-0.01506472,-0.02548296,-0.01039023,-0.00561542,-0.04937329,-0.01668579,-0.10985849,-0.03716094,-0.0806372,-0.01904599,0.10147946,-0.0670833,0.02073222,-0.02729861,-0.0315414,-0.0705716,0.06190612,0.0440481,-0.05309122,0.03735757,0.03586835,0.06260186,0.11191649,-0.01438736,-0.04205331,-0.03549596,-0.0100492,-0.04074432,0.09400989,0.09703924,-0.0738918,-0.0501774,-0.00003713,0.06852496,-0.08042973,-0.01783763,0.04265878,0.02074777,-0.02239788,0.14744329,0.01561469,0.10492899,0.01084725,-0.02871624,-0.00276294,0.04217649,-0.01833137,-0.05069739,0.02188453,-0.01315968,-0.04507466,-0.01184161,-0.02307595,0.02922388,0.02321368,-0.08042378,-0.02264716,0.03068437,0.02713851,-0.02272577,-0.07468195,-0.07332557,-0.05030295,0.02218489,-0.02682155,0.1079629,-0.00137423,-0.0069781,-0.04291288,0.04074756,-0.01387978,0.00562177,-0.03694284,0.00757792,0.02942805,0.00164207,0.00934504,0.05561423,0.05991247,-0.04353458,0.00666657,-0.02767945,0.06812745,-0.0003042,0.0544716,-0.00012394,0.05417177,-0.05059948,-0.19290385,-0.01356333,0.01499187,-0.06806317,-0.00624913,0.00372451,0.03107107,-0.05507473,0.08503743,0.03081875,0.099824,0.03548147,-0.06384168,-0.0393009,-0.02943607,-0.00289535,-0.02011445,-0.00390861,0.00401123,0.03063349,0.01471187,0.01161843,-0.04052032,0.02753488,0.08350055,-0.04299766,0.08021963,0.02180759,-0.03760878,-0.03222426,0.05146933,0.03656121,0.00178921,-0.09627772,0.03285438,0.0200303,-0.07480182,0.02209408,0.01279654,-0.06781844,0.00287161,0.09154464,-0.01108099,-0.06817605,-0.080837,-0.06554895,0.01080454,-0.02071894,-0.04034639,-0.00599112,0.01670866,-0.00463969,0.04804939,0.03176334,0.04253788,-0.00380686,-0.02300042,-0.01954364,-0.03659874,0.05651076,-0.02802589,0.0166093,-0.00684581,-0.01465916,-0.02364618,0.00567898,0.01831723,0.03341047,-0.02134986,0.06246508,0.02847879,0.0595538,0.0165624,-0.01892354,0.04794076,-0.01603845,0.00455743,-0.08126209,-0.0182911,-0.02347088,0.02924517,-0.03146873,0.07507154,0.02386351,0.00860654,0.02599153,0.06377047,-0.05014672,0.03103484,0.01586959,-0.02619454,-0.03408974,0.01191267,-0.00056673,0.07953231,-0.04948153,-0.29180652,0.03564698,-0.03778324,-0.0176722,0.0234193,0.04425379,-0.04542922,-0.00221148,-0.11075,0.05080525,-0.02998024,0.03929097,0.01997242,-0.04535413,0.02512496,-0.00443027,0.07240088,0.00122171,0.06302308,-0.04761326,-0.00735535,0.02912411,0.19034016,0.08248457,0.02218317,0.00058092,-0.01130965,0.0231881,0.11509941,0.03419897,-0.01821659,-0.0063621,0.1248531,0.01184375,0.06038923,0.04253567,-0.0196601,0.0407483,0.02926479,-0.01427798,-0.03081328,0.04636947,-0.02051123,0.00316129,0.11155801,-0.00982648,-0.08864159,-0.07483712,-0.00592832,0.02659082,-0.0099116,0.02047513,-0.00261332,-0.02117759,0.00903441,0.04638096,0.05283445,0.0132351,-0.0365351,0.0571386,0.02175879,-0.02283961,0.00095156,0.01096448,0.01174211],"last_embed":{"tokens":282,"hash":"krf3k7"}}},"text":null,"length":0,"last_read":{"hash":"krf3k7","at":1782975302516},"key":"GMB_NOTE_SCHEDULE.md#GMB note記事 執筆スケジュール（2026-07-06週公開目標）#想定リスクと対策","lines":[80,93],"size":303,"outlinks":[],"class_name":"SmartBlock"},
"smart_blocks:GMB_NOTE_SCHEDULE.md#GMB note記事 執筆スケジュール（2026-07-06週公開目標）#想定リスクと対策#{1}": {"path":null,"last_embed":{"hash":"wolkg4","at":1782975302582},"embeddings":{"TaylorAI/bge-micro-v2":{"vec":[-0.05026595,-0.0004267,0.00514526,-0.07644388,0.00340602,0.03243917,-0.05635954,0.00119211,0.02915088,-0.01702183,-0.06457826,-0.04321787,0.04406074,0.03440451,-0.02781775,-0.0770942,-0.02615778,-0.02230418,-0.03017161,-0.00707581,0.12536399,-0.03224499,-0.01003148,-0.02067841,0.0433406,0.00907224,-0.01247047,0.02887427,-0.03833789,-0.16182366,-0.03481065,-0.00593934,0.06591572,-0.02531583,0.03880528,-0.02735064,-0.03906149,0.05222224,-0.08762916,0.03471938,0.00202606,0.02925738,0.01036081,-0.05252787,-0.00640716,-0.09073354,-0.02671961,0.00596444,-0.00318406,-0.02629634,-0.04353789,-0.04846582,-0.01270184,0.02253684,0.01551018,0.00042135,0.03881159,-0.02406743,0.02390435,0.0484885,0.04576247,-0.02844288,-0.22163489,0.07004093,-0.02678606,0.03355921,-0.01245891,0.01513155,0.04767222,0.00919021,-0.04697016,0.00066013,-0.01746032,0.06373359,-0.02631442,-0.02571331,0.00253463,-0.00328118,-0.08378467,0.01854337,-0.04441513,-0.00523834,0.03188214,-0.04195436,0.00545505,-0.00320951,-0.00486516,-0.01927349,0.01136507,0.11534469,-0.02467617,-0.01234462,0.04673848,0.06228412,-0.06151326,0.03012543,0.04859491,0.02349708,-0.06802939,0.14329697,-0.04991144,0.04044051,-0.00241408,0.03266249,0.04690075,-0.04480003,-0.02097868,-0.0617407,-0.02003899,-0.0028488,0.02143842,-0.02136771,0.08652157,-0.05104376,-0.01734047,0.04941677,0.08832666,-0.02116221,0.00051265,-0.0013596,0.02225664,0.00807058,-0.01088744,-0.0055312,0.03063293,-0.00055754,0.00272523,0.0527207,0.0130728,0.02367477,0.02710688,0.03079776,-0.10597986,-0.01228009,0.05595097,-0.0172672,-0.02457111,-0.01026308,-0.00752706,-0.04938424,-0.0167724,-0.1107756,-0.0362396,-0.08010311,-0.01823594,0.10286889,-0.06760573,0.01797734,-0.02713444,-0.03256332,-0.07137991,0.06439532,0.0430464,-0.0541766,0.03709304,0.03742704,0.06171658,0.11101959,-0.0140675,-0.04209537,-0.03681109,-0.00897293,-0.0417606,0.09374861,0.09427829,-0.07317778,-0.05232361,0.00035454,0.06986817,-0.08073577,-0.01686511,0.0418677,0.01940063,-0.02163142,0.14594686,0.01527837,0.10222139,0.01163796,-0.02979406,-0.00722795,0.04148421,-0.01978348,-0.05081591,0.02143844,-0.01302716,-0.04710523,-0.01087973,-0.02295003,0.03009264,0.02346543,-0.08060975,-0.0206338,0.03172652,0.02626605,-0.02183494,-0.07472815,-0.07256604,-0.04826121,0.0222186,-0.02825491,0.10767373,-0.00220708,-0.00679602,-0.04135009,0.03975416,-0.01414828,0.00243353,-0.0369895,0.0120841,0.02950753,0.0010341,0.0088349,0.05507068,0.05786536,-0.04174448,0.00944956,-0.02662653,0.0680524,-0.00166447,0.05294605,0.00135398,0.05398745,-0.04909983,-0.1933994,-0.01416409,0.01243291,-0.06632245,-0.00809814,0.0037996,0.0306735,-0.05468267,0.08406065,0.03024329,0.09991799,0.03533955,-0.06571665,-0.0363471,-0.02696791,-0.00413676,-0.01888466,-0.0033637,0.00290977,0.03189084,0.01411867,0.01050095,-0.04071809,0.02854844,0.08319639,-0.04623995,0.08080866,0.01840802,-0.0361482,-0.03209174,0.04971524,0.03757765,0.00146722,-0.09515643,0.03338937,0.02142113,-0.07637623,0.02205669,0.01247277,-0.06763433,0.00360221,0.08979045,-0.01308846,-0.06872053,-0.07814064,-0.06593712,0.01295129,-0.01962061,-0.04064429,-0.00580762,0.0184419,-0.00439024,0.0480731,0.03193825,0.0419797,-0.00409219,-0.02216487,-0.01829885,-0.03635743,0.05614159,-0.02982098,0.01915799,-0.00717053,-0.01538448,-0.02376161,0.00522259,0.02139936,0.03133108,-0.02178045,0.06196411,0.02780602,0.06051614,0.0163704,-0.01826208,0.04626973,-0.01532981,0.00317893,-0.08050395,-0.01881911,-0.02251813,0.03198709,-0.0300521,0.07295544,0.02580193,0.0083806,0.02594051,0.064277,-0.04792678,0.03232006,0.01383148,-0.02666443,-0.03615315,0.01193435,-0.00156913,0.08215977,-0.05018469,-0.29207569,0.0346201,-0.03730767,-0.01773296,0.0220621,0.04383806,-0.0466141,-0.00114364,-0.11093888,0.04792146,-0.03227245,0.03969995,0.01950801,-0.0425806,0.02701376,-0.00261482,0.07188815,-0.00047561,0.06470571,-0.04683625,-0.00806452,0.03114157,0.18934076,0.08099677,0.02397565,0.00314927,-0.01216514,0.02106511,0.1128502,0.03478466,-0.01886338,-0.00688178,0.12773994,0.01072466,0.06185454,0.04100662,-0.02069905,0.0414762,0.03129854,-0.01259196,-0.02928037,0.04806319,-0.01991404,0.00289101,0.11262674,-0.01088101,-0.08766662,-0.07513284,-0.00703556,0.02832056,-0.00934983,0.02343165,-0.00270456,-0.02031837,0.01008602,0.04234272,0.05097432,0.01382595,-0.03685227,0.05708849,0.02323365,-0.02048534,-0.00002518,0.01200172,0.01263849],"last_embed":{"tokens":281,"hash":"wolkg4"}}},"text":null,"length":0,"last_read":{"hash":"wolkg4","at":1782975302582},"key":"GMB_NOTE_SCHEDULE.md#GMB note記事 執筆スケジュール（2026-07-06週公開目標）#想定リスクと対策#{1}","lines":[82,93],"size":290,"outlinks":[],"class_name":"SmartBlock"},