"smart_sources:handover/BACKLOG_v8_20260703.md": {"path":"handover/BACKLOG_v8_20260703.md","last_embed":{"hash":"i6ywsr","at":1782976629554},"embeddings":{"TaylorAI/bge-micro-v2":{"vec":[-0.08544445,-0.04638867,-0.01780792,-0.00732014,0.053255,0.01028466,-0.06393375,0.00819284,0.05281897,-0.01383839,-0.03092842,-0.04805997,0.0152523,0.00578858,0.02916833,-0.04343917,0.00406219,-0.02578581,-0.0667664,-0.05064591,0.07471668,-0.02384142,-0.01268021,-0.01140167,0.07270409,0.00047509,0.01060602,-0.03100918,-0.04674139,-0.15218216,-0.03694249,-0.01564157,0.01901656,0.00687541,-0.01386026,0.01654476,-0.02883172,0.04688761,-0.03744825,0.00954054,-0.01499001,0.03412896,-0.00249438,-0.04842618,0.02040572,-0.05770697,-0.01874808,-0.00310457,0.01200234,-0.08502416,-0.04029727,0.01545804,0.00792849,-0.01674913,0.03323912,0.05078611,0.03369734,-0.03365419,0.04834175,0.04078655,0.07972647,0.00461246,-0.2045538,0.03453627,-0.01503791,-0.03670502,-0.04894443,-0.03821656,0.0393557,0.09110641,-0.07129245,-0.03059525,-0.01174177,0.0897036,-0.01135314,-0.01413804,-0.0186054,-0.04602089,-0.08316153,-0.00899332,0.0044614,-0.00228848,-0.02075437,-0.00271334,-0.00275772,-0.04571375,0.04639377,-0.00704884,0.00401567,0.0523014,-0.00670928,-0.04188079,0.09554128,0.0392962,-0.04191152,0.00012006,0.05066237,0.01808293,-0.04540192,0.10218561,-0.06873207,0.0153148,0.05560083,-0.07275939,0.05932055,0.02384171,-0.03223345,-0.01646603,-0.0157558,-0.03697115,-0.02073569,-0.02207299,0.05080567,-0.0739124,-0.00751459,0.02268354,0.05167517,0.02926709,0.00016662,0.01177903,0.03445226,-0.00070423,0.05361038,-0.05193914,0.01973203,0.0035851,0.03184255,0.08215021,0.03861797,0.03688096,0.00891204,0.0082347,-0.14083351,-0.03981046,-0.01280013,0.02700995,-0.00957032,0.02722276,0.02382498,-0.01512666,-0.01260355,-0.09392686,-0.02578962,-0.0832173,-0.04187092,0.07164695,-0.05051387,-0.02978186,-0.00453892,-0.01519181,0.03842583,0.0780827,-0.00913894,-0.0359534,0.02461376,0.00286784,0.01055477,0.0961441,-0.02578052,0.02128327,0.0034287,-0.06101808,-0.05218014,0.0374837,0.05994832,-0.09711152,-0.01487651,0.05727345,0.02295949,-0.02066971,-0.02505126,0.03632591,-0.07073636,-0.02350177,0.10172982,0.02879144,0.0747311,0.03922979,-0.04475812,-0.00304714,0.00633839,-0.06515136,-0.05032158,0.04486556,0.00155255,-0.04829834,-0.00734814,-0.03474013,0.03687481,0.0255665,-0.09126753,-0.03157838,-0.0065363,0.01927334,-0.02033828,-0.01315929,-0.04453899,0.00272326,0.05932422,-0.07796507,0.13146636,0.05309971,-0.02547062,-0.01398162,0.00551683,-0.00011246,0.01403442,-0.05433489,-0.02562187,0.0429793,-0.05874749,0.02050795,0.06715294,0.02305528,-0.01093,-0.01258924,-0.0383687,0.01562453,-0.00683202,0.04434232,0.00806131,0.00301057,-0.05226181,-0.21133609,0.01375933,0.02162365,-0.03305741,-0.00657829,0.00972315,-0.01138491,-0.00176671,0.11634724,0.02314637,0.11142605,0.0356168,-0.00230071,-0.03791571,-0.02753212,0.00457326,0.03718894,0.00635505,-0.07278101,0.0016416,-0.02305649,0.01724828,0.00135222,0.00778252,0.08581612,-0.04128477,0.13345397,0.00854821,0.04166956,-0.03650529,0.03418181,0.04554065,-0.03212456,-0.06458525,0.03326038,0.03489414,-0.01723201,-0.00912012,-0.02660639,-0.04228047,0.04120084,0.05894836,-0.03624837,-0.10487379,-0.07304373,-0.10058079,-0.00640775,-0.06908233,-0.02732385,0.04095104,0.03521747,0.01731385,0.02800311,0.08451357,0.02844434,0.00223727,-0.06537491,-0.0175314,-0.00682584,0.07234716,0.04675858,-0.00334799,-0.0321081,-0.01095567,-0.00329639,0.00467898,0.02210402,-0.03052544,0.0275128,0.02015212,-0.00408687,0.08956204,0.00261635,0.05383423,0.05344301,0.04838612,0.00161618,-0.08256762,0.035956,-0.02281908,0.0383357,-0.02729582,0.10570022,0.04233853,0.0188057,0.01465534,0.03254141,-0.0069044,0.03104976,0.0582879,-0.03579348,0.01435423,-0.04127522,-0.05627682,0.06674497,-0.0023691,-0.33082616,-0.00617383,-0.04561335,0.03923825,0.02184353,0.08813906,-0.02153807,-0.01528797,-0.05089154,0.03508054,-0.04694596,0.08585466,0.01293231,0.01130767,0.04519924,-0.06730369,0.01346009,0.03960213,0.01813608,-0.05090249,-0.06840756,-0.01009584,0.20409437,0.04497183,-0.00089079,0.00746754,-0.00964357,0.01743114,0.06345976,0.01302516,-0.05879324,-0.02749234,0.12158927,0.01214456,0.03640087,0.01744675,-0.04662558,0.02831686,0.02468403,-0.04239161,-0.02181507,0.03068654,-0.00938043,-0.03862355,0.08127565,-0.00059648,-0.04018772,-0.00836096,0.02801625,0.03539427,-0.01384087,0.00372049,-0.03153504,0.00259128,0.03562351,0.04266644,0.08127086,0.00963842,-0.02938433,0.0082868,0.03096755,-0.01266462,0.02829755,0.07518945,0.05646893],"last_embed":{"tokens":485,"hash":"i6ywsr"}}},"last_read":{"hash":"i6ywsr","at":1782976629554},"class_name":"SmartSource","last_import":{"mtime":1782976577073,"size":3433,"at":1782976620383,"hash":"i6ywsr"},"blocks":{"#v8 対応バックログ（2026-07-03 着手予定）":[1,65],"#v8 対応バックログ（2026-07-03 着手予定）#{1}":[3,4],"#v8 対応バックログ（2026-07-03 着手予定）#FB 一覧（優先度順）":[5,40],"#v8 対応バックログ（2026-07-03 着手予定）#FB 一覧（優先度順）#C-3 slide1（ビジュアル診断ボード 1/3）":[7,25],"#v8 対応バックログ（2026-07-03 着手予定）#FB 一覧（優先度順）#C-3 slide1（ビジュアル診断ボード 1/3）#1. LP構造マップ ✓ / ! / ○ の意味が伝わらない":[9,16],"#v8 対応バックログ（2026-07-03 着手予定）#FB 一覧（優先度順）#C-3 slide1（ビジュアル診断ボード 1/3）#1. LP構造マップ ✓ / ! / ○ の意味が伝わらない#{1}":[10,10],"#v8 対応バックログ（2026-07-03 着手予定）#FB 一覧（優先度順）#C-3 slide1（ビジュアル診断ボード 1/3）#1. LP構造マップ ✓ / ! / ○ の意味が伝わらない#{2}":[11,14],"#v8 対応バックログ（2026-07-03 着手予定）#FB 一覧（優先度順）#C-3 slide1（ビジュアル診断ボード 1/3）#1. LP構造マップ ✓ / ! / ○ の意味が伝わらない#{3}":[15,16],"#v8 対応バックログ（2026-07-03 着手予定）#FB 一覧（優先度順）#C-3 slide1（ビジュアル診断ボード 1/3）#2. 「⚠ 最重要課題（Top3）」レイアウト崩れ":[17,25],"#v8 対応バックログ（2026-07-03 着手予定）#FB 一覧（優先度順）#C-3 slide1（ビジュアル診断ボード 1/3）#2. 「⚠ 最重要課題（Top3）」レイアウト崩れ#{1}":[18,18],"#v8 対応バックログ（2026-07-03 着手予定）#FB 一覧（優先度順）#C-3 slide1（ビジュアル診断ボード 1/3）#2. 「⚠ 最重要課題（Top3）」レイアウト崩れ#{2}":[19,19],"#v8 対応バックログ（2026-07-03 着手予定）#FB 一覧（優先度順）#C-3 slide1（ビジュアル診断ボード 1/3）#2. 「⚠ 最重要課題（Top3）」レイアウト崩れ#{3}":[20,25],"#v8 対応バックログ（2026-07-03 着手予定）#FB 一覧（優先度順）#C-3 slide2（ビジュアル診断ボード 2/3）":[26,35],"#v8 対応バックログ（2026-07-03 着手予定）#FB 一覧（優先度順）#C-3 slide2（ビジュアル診断ボード 2/3）#3. 10項目スコア表の下部がフッター「改善方向」帯と重複":[28,35],"#v8 対応バックログ（2026-07-03 着手予定）#FB 一覧（優先度順）#C-3 slide2（ビジュアル診断ボード 2/3）#3. 10項目スコア表の下部がフッター「改善方向」帯と重複#{1}":[29,29],"#v8 対応バックログ（2026-07-03 着手予定）#FB 一覧（優先度順）#C-3 slide2（ビジュアル診断ボード 2/3）#3. 10項目スコア表の下部がフッター「改善方向」帯と重複#{2}":[30,30],"#v8 対応バックログ（2026-07-03 着手予定）#FB 一覧（優先度順）#C-3 slide2（ビジュアル診断ボード 2/3）#3. 10項目スコア表の下部がフッター「改善方向」帯と重複#{3}":[31,35],"#v8 対応バックログ（2026-07-03 着手予定）#FB 一覧（優先度順）#通常データ / 120字ストレス 両方で発生":[36,40],"#v8 対応バックログ（2026-07-03 着手予定）#FB 一覧（優先度順）#通常データ / 120字ストレス 両方で発生#{1}":[37,40],"#v8 対応バックログ（2026-07-03 着手予定）#対応順序（案）":[41,53],"#v8 対応バックログ（2026-07-03 着手予定）#対応順序（案）#{1}":[43,43],"#v8 対応バックログ（2026-07-03 着手予定）#対応順序（案）#{2}":[44,44],"#v8 対応バックログ（2026-07-03 着手予定）#対応順序（案）#{3}":[45,46],"#v8 対応バックログ（2026-07-03 着手予定）#対応順序（案）#{4}":[47,47],"#v8 対応バックログ（2026-07-03 着手予定）#対応順序（案）#{5}":[48,48],"#v8 対応バックログ（2026-07-03 着手予定）#対応順序（案）#{6}":[49,49],"#v8 対応バックログ（2026-07-03 着手予定）#対応順序（案）#{7}":[50,53],"#v8 対応バックログ（2026-07-03 着手予定）#v8 完了後の後続タスク（Phase S1 以降）":[54,65],"#v8 対応バックログ（2026-07-03 着手予定）#v8 完了後の後続タスク（Phase S1 以降）#{1}":[56,57],"#v8 対応バックログ（2026-07-03 着手予定）#v8 完了後の後続タスク（Phase S1 以降）#{2}":[58,61],"#v8 対応バックログ（2026-07-03 着手予定）#v8 完了後の後続タスク（Phase S1 以降）#{3}":[62,65]},"outlinks":[],"task_lines":[],"tasks":{},"codeblock_ranges":[],"key":"handover/BACKLOG_v8_20260703.md"},
"smart_blocks:handover/BACKLOG_v8_20260703.md#v8 対応バックログ（2026-07-03 着手予定）": {"path":null,"last_embed":{"hash":"i6ywsr","at":1782975299494},"embeddings":{"TaylorAI/bge-micro-v2":{"vec":[-0.08534404,-0.04899934,-0.01963422,-0.00834604,0.05091637,0.01254117,-0.06148045,0.00806281,0.05588774,-0.01203886,-0.03111453,-0.04680274,0.01612533,0.00559657,0.02450412,-0.04021795,0.00303395,-0.02595772,-0.06937932,-0.04833638,0.07471737,-0.02414974,-0.01195867,-0.01698615,0.07031176,-0.00233512,0.00992609,-0.03020222,-0.045913,-0.15115078,-0.03722562,-0.01250083,0.01746064,0.00584451,-0.01104703,0.01461269,-0.02972128,0.04563694,-0.03960003,0.01042823,-0.01577734,0.0324457,-0.00187368,-0.04703714,0.02030551,-0.05834344,-0.02132385,-0.00423549,0.00890224,-0.0835159,-0.0384387,0.0141003,0.00579778,-0.01580892,0.03555915,0.04994487,0.03294063,-0.03201454,0.04957807,0.03834889,0.07802993,0.00648083,-0.20613123,0.03444926,-0.01575927,-0.03667373,-0.04936143,-0.03712758,0.04024503,0.09007656,-0.07059489,-0.03317422,-0.01032158,0.08624149,-0.01244268,-0.01154118,-0.02132489,-0.04795018,-0.08295117,-0.00969177,0.00250132,0.00141774,-0.02118608,-0.00350522,-0.00175349,-0.04173277,0.04995321,-0.00814468,0.00453618,0.05331441,-0.00842194,-0.04443135,0.09453548,0.04021424,-0.0429581,-0.0040189,0.05242164,0.01935696,-0.04428959,0.10261824,-0.06844041,0.01431279,0.05762126,-0.07160234,0.0587015,0.02360253,-0.02886034,-0.01368112,-0.01583181,-0.03613782,-0.02186239,-0.02412085,0.0497114,-0.07442807,-0.0096708,0.02503632,0.04925145,0.02971459,-0.00011334,0.0118567,0.03747811,-0.00117791,0.05247305,-0.05606167,0.0182366,0.00330205,0.03354206,0.08374848,0.03768713,0.03606286,0.00885564,0.00868542,-0.14169782,-0.04054013,-0.0131672,0.02854445,-0.01540438,0.02642791,0.02210249,-0.01490371,-0.01245453,-0.09367596,-0.02531283,-0.08222803,-0.04438854,0.06969688,-0.0530754,-0.02770329,-0.00395152,-0.01643693,0.03999477,0.0781137,-0.01203662,-0.03760629,0.02479964,0.00214652,0.00953535,0.09724379,-0.02694665,0.02423506,0.00405842,-0.06113662,-0.05242559,0.03942742,0.0558847,-0.09682205,-0.01466994,0.05756749,0.02135327,-0.02015677,-0.0254789,0.03575376,-0.06779467,-0.02511962,0.10320819,0.02907579,0.07483745,0.03884305,-0.04592119,-0.00237952,0.00630905,-0.06689978,-0.05345398,0.04465767,0.00063556,-0.04690205,-0.00621614,-0.03649624,0.03899924,0.02427078,-0.08908602,-0.02837927,-0.00456175,0.0185912,-0.02401962,-0.01273398,-0.0470518,0.00112676,0.05840627,-0.07942198,0.13448955,0.05358101,-0.02596099,-0.01424031,0.00606886,0.00199438,0.01448543,-0.05318985,-0.02608543,0.04415043,-0.05783366,0.01744785,0.06924962,0.02041348,-0.00745137,-0.01046105,-0.03868083,0.01607104,-0.00334245,0.047842,0.00933188,-0.00001324,-0.05320569,-0.21171182,0.01364214,0.01918703,-0.03196888,-0.00948002,0.00858915,-0.01470108,-0.00184094,0.11813858,0.02124242,0.11241342,0.03448936,-0.00394365,-0.03696686,-0.0245747,0.00219347,0.03555929,0.00887339,-0.07027531,0.00162445,-0.02271882,0.01782195,0.00595268,0.00851384,0.08572831,-0.04003127,0.1330547,0.00826919,0.04278221,-0.03346136,0.03496679,0.04650217,-0.02973964,-0.06257579,0.0337066,0.03321043,-0.01756577,-0.00545872,-0.02636752,-0.03878244,0.04604638,0.05906045,-0.03402137,-0.10370852,-0.07444851,-0.09834509,-0.00711889,-0.06691885,-0.02574422,0.03911404,0.0353089,0.01386487,0.02997515,0.08584224,0.02672766,0.0020842,-0.06435025,-0.01382326,-0.00515069,0.0721183,0.04779922,-0.0060458,-0.02964266,-0.01177383,-0.00387625,0.00550019,0.02232875,-0.03086631,0.02988496,0.02025325,-0.00355588,0.08759808,0.00126003,0.05466226,0.05287516,0.04731666,0.00186546,-0.08095195,0.03669978,-0.02499587,0.03638368,-0.02458243,0.10516354,0.04222307,0.01700703,0.01476124,0.03504539,-0.00457836,0.03239323,0.05880141,-0.04000856,0.01505109,-0.03761528,-0.05621275,0.06695876,-0.00058926,-0.33321878,-0.00870322,-0.04820024,0.03868013,0.02003383,0.08955606,-0.02367927,-0.01220242,-0.0475562,0.03764713,-0.04995271,0.08216318,0.01299285,0.01035423,0.04218851,-0.0657438,0.01167134,0.03591235,0.02106046,-0.05100907,-0.07058242,-0.01229544,0.20396264,0.04276347,-0.0005706,0.00417686,-0.01076987,0.01801697,0.06635764,0.01306431,-0.05590485,-0.02716749,0.12256235,0.01223996,0.03519628,0.01736651,-0.04618789,0.028857,0.02522571,-0.04280595,-0.02260736,0.03096377,-0.00939035,-0.03483313,0.08144327,-0.00053631,-0.04112339,-0.00745705,0.0308426,0.03501637,-0.01602159,0.00280295,-0.0304782,0.00280241,0.03735103,0.04239073,0.08090798,0.0089014,-0.02863833,0.00864768,0.02953313,-0.01088933,0.02865288,0.07395517,0.05907387],"last_embed":{"tokens":484,"hash":"i6ywsr"}}},"text":null,"length":0,"last_read":{"hash":"i6ywsr","at":1782975299494},"key":"handover/BACKLOG_v8_20260703.md#v8 対応バックログ（2026-07-03 着手予定）","lines":[1,65],"size":1715,"outlinks":[],"class_name":"SmartBlock"},
"smart_blocks:handover/BACKLOG_v8_20260703.md#v8 対応バックログ（2026-07-03 着手予定）#{1}": {"path":null,"last_embed":{"hash":null},"embeddings":{},"text":null,"length":0,"last_read":{"hash":"1vijkgl","at":1782975294683},"key":"handover/BACKLOG_v8_20260703.md#v8 対応バックログ（2026-07-03 着手予定）#{1}","lines":[3,4],"size":42,"outlinks":[],"class_name":"SmartBlock"},
"smart_blocks:handover/BACKLOG_v8_20260703.md#v8 対応バックログ（2026-07-03 着手予定）#FB 一覧（優先度順）": {"path":null,"last_embed":{"hash":"rru8fn","at":1782975299600},"embeddings":{"TaylorAI/bge-micro-v2":{"vec":[-0.08218984,-0.04747921,-0.00447162,-0.01096577,0.04644563,0.00664805,-0.04353968,0.00265496,0.0460003,-0.02419581,-0.02540221,-0.03671864,0.02576191,0.01145282,0.02645924,-0.03684473,0.01201819,-0.02005241,-0.07100204,-0.05438325,0.08025769,-0.0303663,-0.01388247,-0.0151114,0.08038895,-0.00557477,0.01185029,-0.0359027,-0.04585202,-0.14765114,-0.04376212,-0.02558942,0.02010511,0.00879645,-0.0044773,0.01357254,-0.03018888,0.05131637,-0.03728759,0.01780871,-0.0102015,0.02962513,0.00025166,-0.04773123,0.02305649,-0.06043271,-0.02236488,-0.00815949,0.00929717,-0.08355962,-0.05102876,0.01912101,0.01142978,-0.01006737,0.05638805,0.04382678,0.03733366,-0.02509764,0.04397805,0.03915992,0.06860358,0.01545108,-0.20699105,0.04344776,-0.006311,-0.03395683,-0.03917138,-0.03644944,0.04744142,0.08695031,-0.07177893,-0.05505913,-0.02186864,0.0834638,-0.01473559,-0.01196672,-0.02122375,-0.0578499,-0.08851896,-0.01984576,-0.00543201,-0.00135054,-0.01836788,-0.0076728,-0.00171933,-0.03759482,0.04614521,-0.00450011,-0.01071121,0.05706269,-0.0066993,-0.04431631,0.09810521,0.04439285,-0.05071837,0.00795879,0.04854398,0.03248463,-0.04748159,0.10692982,-0.06884036,0.01580986,0.05109784,-0.07718476,0.05778661,0.03088249,-0.03043111,-0.00119256,-0.02482229,-0.04655376,-0.01865615,-0.03214651,0.05455869,-0.06254178,-0.00684618,0.01831436,0.04995996,0.03461395,0.00056179,0.01475976,0.0454464,-0.00641028,0.06035643,-0.04346882,0.01708136,0.00095864,0.03838056,0.07123943,0.03067348,0.03937493,0.01159443,0.01269078,-0.12765832,-0.03119574,-0.01399091,0.02861167,-0.01414798,0.01461673,0.04254324,-0.01525078,-0.00736944,-0.09954236,-0.0304529,-0.0883484,-0.05048039,0.0726172,-0.06008482,-0.02844351,0.01582098,-0.02618899,0.03083874,0.0833678,-0.00695051,-0.03116595,0.01244332,-0.00628032,0.00685182,0.10102448,-0.02071542,0.02751852,0.00160272,-0.05516419,-0.05079457,0.04714986,0.05407345,-0.09568731,-0.00674926,0.05050964,0.02896603,-0.02218477,-0.03319298,0.02154514,-0.06581526,-0.03244498,0.10104762,0.02678762,0.07946149,0.03515899,-0.06215844,-0.00393151,0.00991198,-0.05645457,-0.06285226,0.05405953,0.00403066,-0.04569793,-0.01533801,-0.03580046,0.0360979,0.01830798,-0.09407135,-0.03304876,-0.00699558,0.01971501,-0.02635798,-0.0196477,-0.03368162,0.00688353,0.05745951,-0.08403584,0.13215666,0.05056422,-0.02877597,-0.02172432,0.00589502,0.00470432,0.00679353,-0.03445279,-0.02179708,0.03781507,-0.04863514,0.01677648,0.0604336,0.0210052,-0.0134248,-0.00852853,-0.03450127,0.01986168,0.00608885,0.03686826,0.00792463,-0.00629143,-0.047277,-0.21216302,0.02810884,0.01489817,-0.03019504,-0.00226499,0.00017399,-0.00772121,0.00135393,0.12143256,0.03509205,0.1102779,0.03881307,0.00554633,-0.02725554,-0.01546374,0.02467446,0.03026365,0.00530231,-0.05636479,0.01363504,-0.01791148,0.00721482,-0.00456384,0.01982901,0.07971758,-0.04778993,0.12172192,0.00869206,0.03312001,-0.03481208,0.02671562,0.0418191,-0.02813923,-0.0569478,0.03021573,0.03054757,-0.02503232,0.00088529,-0.02023055,-0.04915069,0.04136636,0.06126269,-0.0465063,-0.10336371,-0.0832416,-0.08927242,-0.01755401,-0.06726371,-0.02432451,0.03784843,0.03160092,0.01807618,0.01428701,0.08361603,0.03667519,0.00418271,-0.06138117,-0.02564731,0.00408745,0.06572193,0.04234855,-0.01463749,-0.02831504,-0.02449562,-0.00920626,0.01520224,0.01783159,-0.02459486,0.02512076,0.03117757,-0.0101222,0.08776276,-0.00008024,0.048184,0.04304593,0.04106254,0.00656096,-0.09372436,0.03306689,-0.01962895,0.03999691,-0.02521046,0.11429807,0.04214742,0.0291311,0.01476122,0.01555058,-0.00948989,0.02081643,0.0571483,-0.04384332,0.00296395,-0.04929645,-0.06130094,0.0658795,0.00948567,-0.33364815,0.0031231,-0.04221557,0.0400956,0.02351839,0.08329716,-0.02266054,-0.0086298,-0.05905759,0.0467003,-0.05278889,0.08186494,0.0207363,0.00206916,0.03569976,-0.06829137,0.02493464,0.04101376,0.02575265,-0.0521148,-0.0660644,-0.00867772,0.1995737,0.04968293,0.01109825,0.00703926,0.00767125,0.01939966,0.06788293,0.01977259,-0.05349188,-0.02915312,0.12091961,-0.00001199,0.03880973,0.01635252,-0.04965722,0.03490562,0.02843691,-0.03383008,-0.02692734,0.03153436,-0.01059955,-0.04417285,0.08349787,0.01052441,-0.0532713,-0.01150387,0.02915591,0.03675953,-0.00542246,0.00704126,-0.02578493,0.00665518,0.03075543,0.03959869,0.06702558,0.00612273,-0.03983629,-0.00579042,0.0374133,-0.00900319,0.02385493,0.0656892,0.06171414],"last_embed":{"tokens":446,"hash":"rru8fn"}}},"text":null,"length":0,"last_read":{"hash":"rru8fn","at":1782975299600},"key":"handover/BACKLOG_v8_20260703.md#v8 対応バックログ（2026-07-03 着手予定）#FB 一覧（優先度順）","lines":[5,40],"size":1168,"outlinks":[],"class_name":"SmartBlock"},
"smart_blocks:handover/BACKLOG_v8_20260703.md#v8 対応バックログ（2026-07-03 着手予定）#FB 一覧（優先度順）#C-3 slide1（ビジュアル診断ボード 1/3）": {"path":null,"last_embed":{"hash":"yx9ic3","at":1782975299715},"embeddings":{"TaylorAI/bge-micro-v2":{"vec":[-0.08134687,-0.04885611,-0.00876399,-0.01339728,0.05032695,0.0116925,-0.04659844,0.0063558,0.05209549,-0.02355888,-0.02677938,-0.0362133,0.02242683,0.01386037,0.02472328,-0.03474971,0.01119948,-0.01807025,-0.07340886,-0.05701982,0.08244654,-0.02973038,-0.01264961,-0.01298446,0.07512288,-0.0072033,0.00945441,-0.03740511,-0.04774474,-0.14846273,-0.04269961,-0.02523195,0.01893624,0.00856877,-0.00235369,0.01213017,-0.02817432,0.05031644,-0.03703856,0.01814356,-0.01046179,0.02978449,-0.00133325,-0.0453974,0.02159627,-0.05986967,-0.02164141,-0.00645615,0.00605209,-0.08045556,-0.04620665,0.01723921,0.01308188,-0.01287723,0.05632617,0.0442147,0.0377623,-0.02473884,0.04591017,0.04110184,0.06894343,0.01724059,-0.2075693,0.04419642,-0.0071235,-0.02896248,-0.03874351,-0.03731496,0.04794834,0.091328,-0.07172708,-0.05359441,-0.01882192,0.08212105,-0.0139914,-0.01571013,-0.0222615,-0.05387996,-0.08935774,-0.02089676,-0.00510068,0.00217998,-0.01904437,-0.00917502,-0.00182599,-0.03901577,0.04710067,-0.00518868,-0.012001,0.05677492,-0.00731045,-0.04650339,0.09776424,0.04519209,-0.04615348,0.00386011,0.04977274,0.02844485,-0.04400472,0.10480306,-0.06940407,0.01292921,0.05340472,-0.07769375,0.05898692,0.02838622,-0.02638193,-0.0016795,-0.02254753,-0.04445449,-0.02029087,-0.03172207,0.05436197,-0.06068703,-0.01141404,0.01461861,0.04441198,0.03352212,0.0009508,0.01474467,0.04517758,-0.00704434,0.05946612,-0.04555662,0.01261918,-0.00097947,0.03497662,0.07457946,0.03060157,0.03712519,0.01255128,0.01168936,-0.12742846,-0.03470439,-0.01833478,0.03407797,-0.02047994,0.01500778,0.03713911,-0.01347839,-0.00410161,-0.10086951,-0.02672914,-0.08693297,-0.0512854,0.07349418,-0.05807994,-0.02615647,0.0126827,-0.02183907,0.03329829,0.08387166,-0.00720322,-0.03064672,0.01476016,-0.00664301,0.01016882,0.10367402,-0.02627171,0.02464573,-0.00139272,-0.05761804,-0.04686394,0.04552558,0.05265568,-0.09611449,-0.00350436,0.05091581,0.02582624,-0.02674714,-0.03277012,0.01876974,-0.0670812,-0.03204573,0.10199896,0.03040226,0.08321238,0.03041453,-0.05523849,-0.00015524,0.01050955,-0.05725592,-0.06080467,0.05104507,0.00056092,-0.04884969,-0.01627127,-0.03762168,0.03609915,0.01956699,-0.09353041,-0.03098908,-0.00122753,0.0198716,-0.02987875,-0.01751209,-0.03307085,0.0042779,0.05439368,-0.08469274,0.1344914,0.04903666,-0.03074256,-0.01983622,0.00964624,0.00226927,0.00736061,-0.03669509,-0.02500375,0.03159196,-0.04875115,0.01654914,0.06282002,0.01717261,-0.01206715,-0.00850127,-0.03173201,0.02042638,0.00259748,0.04280645,0.00881034,-0.00179398,-0.04745271,-0.21390247,0.02521385,0.01573055,-0.029703,-0.00291308,0.00294927,-0.01033781,0.00183377,0.12336961,0.03753049,0.11501715,0.0353908,0.00413041,-0.02541851,-0.01533792,0.02021602,0.02669459,0.00471023,-0.05683933,0.01264642,-0.01666385,0.01045773,-0.00303534,0.01872627,0.08437254,-0.04704869,0.12345068,0.01103191,0.03704611,-0.03403148,0.02862545,0.04077168,-0.02790653,-0.05574269,0.03086708,0.03357701,-0.0202953,-0.00195894,-0.01959641,-0.04951537,0.04097152,0.05738025,-0.04384666,-0.10644548,-0.08066765,-0.08911189,-0.01439211,-0.0696175,-0.02175477,0.03897545,0.03020936,0.01415823,0.01391672,0.08715606,0.03695111,0.00158771,-0.0635124,-0.02250737,-0.00152575,0.06526455,0.04499535,-0.01818744,-0.02791128,-0.0246909,-0.0077274,0.01376231,0.01338148,-0.02401785,0.02298575,0.0311575,-0.00901263,0.08545019,0.00318806,0.04802084,0.04394795,0.04009119,0.00995738,-0.08849042,0.03713925,-0.02028397,0.04321812,-0.02040381,0.11502587,0.04446269,0.02287383,0.01415315,0.01822189,-0.01206998,0.02099287,0.0540395,-0.04565513,0.00532511,-0.04837329,-0.05872696,0.06605496,0.00781507,-0.3364428,-0.00133513,-0.04143832,0.03738026,0.02582477,0.08383504,-0.02032816,-0.00841507,-0.05434659,0.04700157,-0.05642235,0.07732023,0.01766382,-0.00042285,0.03665587,-0.06955647,0.02203677,0.03862726,0.02642813,-0.05098822,-0.0618252,-0.0079381,0.19979346,0.04718384,0.00954959,0.00231171,0.0086074,0.01558676,0.06854533,0.01998517,-0.04928269,-0.02844566,0.11822598,0.00529333,0.03791295,0.02023096,-0.04499828,0.03669909,0.02603265,-0.03388235,-0.02651008,0.03162047,-0.01025367,-0.04021402,0.08438717,0.0058561,-0.05743928,-0.01036665,0.02907373,0.03108597,-0.00824369,0.00499387,-0.02721837,0.00240337,0.03067898,0.04017247,0.07288447,0.00708024,-0.03921295,-0.00225675,0.03606454,-0.00906403,0.02370343,0.06587165,0.06470399],"last_embed":{"tokens":445,"hash":"yx9ic3"}}},"text":null,"length":0,"last_read":{"hash":"yx9ic3","at":1782975299715},"key":"handover/BACKLOG_v8_20260703.md#v8 対応バックログ（2026-07-03 着手予定）#FB 一覧（優先度順）#C-3 slide1（ビジュアル診断ボード 1/3）","lines":[7,25],"size":738,"outlinks":[],"class_name":"SmartBlock"},
"smart_blocks:handover/BACKLOG_v8_20260703.md#v8 対応バックログ（2026-07-03 着手予定）#FB 一覧（優先度順）#C-3 slide1（ビジュアル診断ボード 1/3）#1. LP構造マップ ✓ / ! / ○ の意味が伝わらない": {"path":null,"last_embed":{"hash":"chf5k0","at":1782975299826},"embeddings":{"TaylorAI/bge-micro-v2":{"vec":[-0.08573886,-0.04155938,-0.01195851,-0.00834483,0.03753897,0.0215952,-0.04168244,0.00755077,0.05234057,-0.01900303,-0.02597216,-0.03266172,0.02401316,0.0161362,0.02779012,-0.03244878,0.01136379,-0.02162024,-0.07338189,-0.05964179,0.07916479,-0.03130492,-0.01737863,-0.01626775,0.07197651,-0.01210655,0.00364905,-0.04163454,-0.044014,-0.15194012,-0.04371367,-0.02006806,0.01821221,0.01059863,0.00175877,0.01056154,-0.03313883,0.05381338,-0.035919,0.01825099,-0.0066034,0.02999896,-0.00810584,-0.03979411,0.02044082,-0.05599751,-0.01917742,0.00256966,0.00427581,-0.07766111,-0.04807657,0.02122457,0.01377913,-0.01153454,0.06094133,0.04458899,0.03952764,-0.02250278,0.04925202,0.04084939,0.07037159,0.01296675,-0.20823947,0.04751435,-0.01380913,-0.02870241,-0.03265318,-0.0384535,0.04945,0.09932758,-0.06428853,-0.05661459,-0.01954986,0.08023464,-0.02029779,-0.02023481,-0.02592558,-0.05162924,-0.0872893,-0.02354634,-0.00045768,0.0025882,-0.02945863,-0.01731263,-0.00267118,-0.04074014,0.04602194,-0.00106967,-0.01409582,0.05762702,-0.00859248,-0.05121573,0.09231754,0.04213087,-0.04396769,0.00063819,0.04821987,0.02646735,-0.04674884,0.10566843,-0.06426452,0.00501982,0.05536655,-0.07249188,0.05762072,0.03671158,-0.02439294,0.00155822,-0.02234665,-0.04231904,-0.01498914,-0.02789274,0.06035799,-0.06525683,-0.01935948,0.0121024,0.04148989,0.03454502,0.00192862,0.01290326,0.0516096,-0.00749197,0.06288125,-0.04638236,0.01031682,-0.00688155,0.03113198,0.0773373,0.02869391,0.04024381,0.0095237,0.00937602,-0.12145007,-0.03645623,-0.01660605,0.04089177,-0.02349031,0.02290846,0.03772204,-0.01398816,-0.00772686,-0.09526206,-0.02716832,-0.08606955,-0.04981626,0.07060094,-0.05478043,-0.01711863,0.0102215,-0.02937905,0.04011788,0.07992938,-0.00632807,-0.02905764,0.01033781,-0.00781563,0.01220283,0.10347809,-0.03099072,0.02477825,-0.00333011,-0.05595804,-0.03837059,0.04475708,0.05472841,-0.09692761,-0.00095316,0.04598079,0.03059333,-0.02587356,-0.03160038,0.02024466,-0.06807722,-0.02629807,0.10234881,0.03231945,0.08262961,0.02720409,-0.05459271,0.00124307,0.01303688,-0.06229686,-0.0636785,0.04873697,-0.00103738,-0.04568499,-0.01750803,-0.03728317,0.03343504,0.01995933,-0.09763428,-0.04281518,0.00347368,0.02321657,-0.02980628,-0.0203454,-0.02908523,-0.00139986,0.053291,-0.08143031,0.13585897,0.04151763,-0.0258407,-0.01206524,0.01128551,-0.0005762,0.00645013,-0.03626259,-0.02766434,0.0339005,-0.04828523,0.01920717,0.06091688,0.00613638,-0.0044035,-0.0074051,-0.02763045,0.01752338,0.00329176,0.04922996,0.00581443,0.00923593,-0.04560054,-0.21474037,0.0230663,0.01517934,-0.02711946,0.00325005,0.00555648,-0.01195143,0.0019607,0.12656796,0.03609967,0.11850162,0.03430303,0.00651789,-0.02398983,-0.01078982,0.01574725,0.03093719,0.00490158,-0.05177019,0.01210453,-0.01791509,0.01111361,-0.00864217,0.01919812,0.08925479,-0.04858051,0.12248597,0.01339604,0.03938403,-0.04571946,0.02226965,0.04138074,-0.02386867,-0.0572137,0.02955095,0.03607281,-0.02373473,-0.00748665,-0.02215333,-0.04567549,0.04485147,0.0557098,-0.04823344,-0.10594983,-0.07465611,-0.08943751,-0.01685354,-0.06579915,-0.01732743,0.04474505,0.02106267,0.01596467,0.01356406,0.09140904,0.03525689,0.00451472,-0.06834496,-0.02263005,-0.00428404,0.06752383,0.04491071,-0.02444611,-0.0287319,-0.03153405,0.00385132,0.01347298,0.00351007,-0.03492386,0.02767295,0.0354367,-0.01535613,0.09411394,0.0028107,0.04429308,0.0462203,0.04002539,0.01243815,-0.08950809,0.03983154,-0.01471564,0.04174944,-0.02567973,0.116386,0.04396937,0.01756607,0.01200634,0.02340457,-0.01728793,0.02109366,0.05249207,-0.04056286,0.00380718,-0.0477678,-0.06416696,0.06757525,0.00823606,-0.33190927,-0.00010244,-0.04538932,0.0369828,0.02538348,0.09031064,-0.02052043,-0.00736706,-0.05153438,0.05021858,-0.05854205,0.07628012,0.01164536,-0.00307847,0.03846804,-0.07935468,0.02182461,0.02756423,0.03177263,-0.05284625,-0.05312731,-0.01117739,0.19575256,0.04671191,0.00900633,0.00177331,0.01651095,0.01418133,0.06359937,0.02146499,-0.05264011,-0.02774375,0.11508287,0.00994514,0.03697306,0.02509268,-0.04212603,0.03700547,0.02134327,-0.02398705,-0.02780556,0.03336088,-0.01318428,-0.0406845,0.08780374,0.00964161,-0.05616759,-0.01077995,0.02926142,0.02051948,-0.00878134,0.00367281,-0.02810001,0.0020368,0.03025834,0.04610841,0.06573753,0.00581879,-0.04258361,-0.00307191,0.03467755,-0.02186025,0.02114806,0.06164151,0.06127365],"last_embed":{"tokens":356,"hash":"chf5k0"}}},"text":null,"length":0,"last_read":{"hash":"chf5k0","at":1782975299826},"key":"handover/BACKLOG_v8_20260703.md#v8 対応バックログ（2026-07-03 着手予定）#FB 一覧（優先度順）#C-3 slide1（ビジュアル診断ボード 1/3）#1. LP構造マップ ✓ / ! / ○ の意味が伝わらない","lines":[9,16],"size":340,"outlinks":[],"class_name":"SmartBlock"},
"smart_blocks:handover/BACKLOG_v8_20260703.md#v8 対応バックログ（2026-07-03 着手予定）#FB 一覧（優先度順）#C-3 slide1（ビジュアル診断ボード 1/3）#1. LP構造マップ ✓ / ! / ○ の意味が伝わらない#{1}": {"path":null,"last_embed":{"hash":null},"embeddings":{},"text":null,"length":0,"last_read":{"hash":"zt0il","at":1782975294683},"key":"handover/BACKLOG_v8_20260703.md#v8 対応バックログ（2026-07-03 着手予定）#FB 一覧（優先度順）#C-3 slide1（ビジュアル診断ボード 1/3）#1. LP構造マップ ✓ / ! / ○ の意味が伝わらない#{1}","lines":[10,10],"size":56,"outlinks":[],"class_name":"SmartBlock"},
"smart_blocks:handover/BACKLOG_v8_20260703.md#v8 対応バックログ（2026-07-03 着手予定）#FB 一覧（優先度順）#C-3 slide1（ビジュアル診断ボード 1/3）#1. LP構造マップ ✓ / ! / ○ の意味が伝わらない#{2}": {"path":null,"last_embed":{"hash":null},"embeddings":{},"text":null,"length":0,"last_read":{"hash":"1wwn8br","at":1782975294683},"key":"handover/BACKLOG_v8_20260703.md#v8 対応バックログ（2026-07-03 着手予定）#FB 一覧（優先度順）#C-3 slide1（ビジュアル診断ボード 1/3）#1. LP構造マップ ✓ / ! / ○ の意味が伝わらない#{2}","lines":[11,14],"size":185,"outlinks":[],"class_name":"SmartBlock"},
"smart_blocks:handover/BACKLOG_v8_20260703.md#v8 対応バックログ（2026-07-03 着手予定）#FB 一覧（優先度順）#C-3 slide1（ビジュアル診断ボード 1/3）#1. LP構造マップ ✓ / ! / ○ の意味が伝わらない#{3}": {"path":null,"last_embed":{"hash":null},"embeddings":{},"text":null,"length":0,"last_read":{"hash":"133zkqx","at":1782975294683},"key":"handover/BACKLOG_v8_20260703.md#v8 対応バックログ（2026-07-03 着手予定）#FB 一覧（優先度順）#C-3 slide1（ビジュアル診断ボード 1/3）#1. LP構造マップ ✓ / ! / ○ の意味が伝わらない#{3}","lines":[15,16],"size":61,"outlinks":[],"class_name":"SmartBlock"},
"smart_blocks:handover/BACKLOG_v8_20260703.md#v8 対応バックログ（2026-07-03 着手予定）#FB 一覧（優先度順）#C-3 slide1（ビジュアル診断ボード 1/3）#2. 「⚠ 最重要課題（Top3）」レイアウト崩れ": {"path":null,"last_embed":{"hash":"1njgd18","at":1782975299898},"embeddings":{"TaylorAI/bge-micro-v2":{"vec":[-0.07648937,-0.04366758,0.00074314,-0.00678475,0.04027715,0.00655362,-0.05544669,0.01469062,0.06980965,-0.0129871,-0.03068042,-0.03878221,0.02760656,0.03016471,0.02638565,-0.03527169,0.00267667,-0.00886851,-0.06378084,-0.03243967,0.08343717,-0.03667353,-0.02598945,0.00465724,0.08738297,-0.00585612,-0.0085435,-0.0374729,-0.04130654,-0.1590324,-0.05596431,-0.03253724,0.01576801,0.01319782,0.00879043,0.02415367,-0.04348463,0.0385823,-0.02050604,0.00869891,-0.00391344,0.05858729,-0.00422219,-0.04710778,0.00997969,-0.06237501,-0.03881237,-0.00020511,0.0139316,-0.06702762,-0.03576957,0.02130233,0.01468415,-0.00425041,0.04620101,0.03933194,0.0233555,-0.02318228,0.06227169,0.02810892,0.076299,0.02662507,-0.20844799,0.04285118,0.01330662,-0.03123574,-0.0436944,-0.03382595,0.04353274,0.11523443,-0.06553687,-0.05177017,-0.00525858,0.0853548,-0.00878434,-0.01519414,-0.03285758,-0.03780023,-0.06621633,-0.01075391,-0.00731805,-0.01637827,-0.01214518,0.00142804,-0.011683,-0.05504814,0.07561093,0.0053772,-0.01037012,0.05344462,-0.0006637,-0.04246757,0.09724537,0.03303253,-0.04054961,0.01731828,0.07607026,0.02173555,-0.04258102,0.08623585,-0.06293967,0.03293171,0.0574651,-0.06498605,0.05490442,0.03289349,-0.02501923,-0.00641909,-0.00635641,-0.04702428,-0.01485628,-0.03642613,0.05087113,-0.04145887,-0.00189864,0.00963928,0.06071728,0.02231004,-0.00735062,0.0177646,0.03819884,0.0016284,0.05850764,-0.05599027,0.00744665,0.01138008,0.05243834,0.07365032,0.03689173,0.03028918,0.02991907,0.00401585,-0.11714862,-0.02638745,-0.01876274,0.02812311,0.0034242,0.02120752,0.01335469,-0.02330528,-0.00760713,-0.10815906,-0.02285052,-0.06676216,-0.03775084,0.09892216,-0.073933,-0.02793631,0.00887265,-0.03876067,0.02020716,0.07841057,-0.00509561,-0.04062175,0.02188783,0.006428,0.0081967,0.10542094,-0.04150608,0.02433275,-0.00787227,-0.04417854,-0.05221958,0.03033103,0.06207757,-0.10078394,0.00004362,0.0761965,0.00967685,-0.02069774,-0.03810438,0.0105745,-0.09010724,-0.04085899,0.09843661,0.02568837,0.07311189,0.0455053,-0.03978898,-0.00430666,0.01329078,-0.06961723,-0.06246069,0.04758794,-0.00466961,-0.06472739,-0.0197517,-0.03029965,0.04731473,0.02119341,-0.1007777,-0.01908029,-0.00891009,0.00707227,-0.03303659,-0.02012174,-0.02417791,0.01596503,0.04587579,-0.06212414,0.13586383,0.05186018,-0.03465443,-0.01825612,0.00833301,0.00924523,0.02099319,-0.05427044,-0.00186635,0.01561193,-0.04910046,0.01248929,0.05525132,-0.0076906,0.01150577,-0.02000313,-0.03056662,0.01332782,-0.02948863,0.04779439,0.02104409,-0.00183474,-0.06364316,-0.20859118,0.01663985,0.02970386,-0.04166563,-0.02829501,-0.00643545,-0.0101935,-0.01283855,0.11859211,0.02143973,0.13484247,0.0246429,0.00142275,-0.02759485,-0.0274809,0.00733008,-0.00451761,0.01634642,-0.07395859,-0.00416474,-0.01678836,0.03711984,-0.02351673,0.00855387,0.07660088,-0.04956826,0.11771949,0.00559717,0.02590945,-0.04608941,0.03856944,0.0288406,-0.02986635,-0.03188759,0.04399137,0.03576539,-0.03030843,-0.0108789,-0.02837428,-0.0630476,0.03442202,0.03687249,-0.02699052,-0.1129359,-0.06244323,-0.08565703,-0.0115341,-0.06141523,-0.01582385,0.04229894,0.02373116,-0.00295767,0.02128864,0.07540297,0.04211409,-0.00681276,-0.06492288,-0.02318568,0.00297833,0.06920853,0.03122525,-0.01255455,-0.0332492,-0.02326825,-0.01520998,0.01107581,0.01574598,-0.01249899,0.01309253,0.02770148,-0.00828603,0.07042927,0.00407758,0.05046936,0.03907833,0.0454335,0.0247682,-0.04757921,0.04884304,-0.0251032,0.05315121,-0.02367731,0.09813707,0.05876292,0.03047106,0.00882463,0.04293083,-0.03267987,0.03268945,0.04377342,-0.03295063,0.01365926,-0.03945418,-0.04166458,0.06336721,0.01033524,-0.33765349,-0.01461081,-0.05501723,0.02625646,0.03649022,0.07307456,-0.00164126,-0.00874742,-0.04033982,0.04056412,-0.0866245,0.0684111,0.02921097,-0.01686274,0.02003939,-0.05369241,0.02262224,0.0179177,0.0251636,-0.03174399,-0.06043436,-0.00486711,0.18895197,0.03875507,0.01619699,0.01244406,-0.01069923,-0.00168588,0.08074916,0.00252695,-0.05111907,-0.02928511,0.12591782,0.00142211,0.05021085,0.02477794,-0.03987638,0.05230397,0.03236601,-0.0559612,-0.006169,0.02054626,-0.00554224,-0.04692889,0.0896005,-0.00625694,-0.04789809,-0.0135707,0.04109297,0.03132207,-0.01630793,0.00707444,-0.03004486,0.00726888,0.03633519,0.02519782,0.06562415,0.00420708,-0.03938928,-0.00838438,0.02211987,-0.02853488,0.0121637,0.05549635,0.06537971],"last_embed":{"tokens":342,"hash":"1njgd18"}}},"text":null,"length":0,"last_read":{"hash":"1njgd18","at":1782975299898},"key":"handover/BACKLOG_v8_20260703.md#v8 対応バックログ（2026-07-03 着手予定）#FB 一覧（優先度順）#C-3 slide1（ビジュアル診断ボード 1/3）#2. 「⚠ 最重要課題（Top3）」レイアウト崩れ","lines":[17,25],"size":365,"outlinks":[],"class_name":"SmartBlock"},
"smart_blocks:handover/BACKLOG_v8_20260703.md#v8 対応バックログ（2026-07-03 着手予定）#FB 一覧（優先度順）#C-3 slide1（ビジュアル診断ボード 1/3）#2. 「⚠ 最重要課題（Top3）」レイアウト崩れ#{1}": {"path":null,"last_embed":{"hash":null},"embeddings":{},"text":null,"length":0,"last_read":{"hash":"38djh6","at":1782975294683},"key":"handover/BACKLOG_v8_20260703.md#v8 対応バックログ（2026-07-03 着手予定）#FB 一覧（優先度順）#C-3 slide1（ビジュアル診断ボード 1/3）#2. 「⚠ 最重要課題（Top3）」レイアウト崩れ#{1}","lines":[18,18],"size":66,"outlinks":[],"class_name":"SmartBlock"},
"smart_blocks:handover/BACKLOG_v8_20260703.md#v8 対応バックログ（2026-07-03 着手予定）#FB 一覧（優先度順）#C-3 slide1（ビジュアル診断ボード 1/3）#2. 「⚠ 最重要課題（Top3）」レイアウト崩れ#{2}": {"path":null,"last_embed":{"hash":null},"embeddings":{},"text":null,"length":0,"last_read":{"hash":"1x37z9j","at":1782975294683},"key":"handover/BACKLOG_v8_20260703.md#v8 対応バックログ（2026-07-03 着手予定）#FB 一覧（優先度順）#C-3 slide1（ビジュアル診断ボード 1/3）#2. 「⚠ 最重要課題（Top3）」レイアウト崩れ#{2}","lines":[19,19],"size":89,"outlinks":[],"class_name":"SmartBlock"},
"smart_blocks:handover/BACKLOG_v8_20260703.md#v8 対応バックログ（2026-07-03 着手予定）#FB 一覧（優先度順）#C-3 slide1（ビジュアル診断ボード 1/3）#2. 「⚠ 最重要課題（Top3）」レイアウト崩れ#{3}": {"path":null,"last_embed":{"hash":null},"embeddings":{},"text":null,"length":0,"last_read":{"hash":"1io5013","at":1782975294683},"key":"handover/BACKLOG_v8_20260703.md#v8 対応バックログ（2026-07-03 着手予定）#FB 一覧（優先度順）#C-3 slide1（ビジュアル診断ボード 1/3）#2. 「⚠ 最重要課題（Top3）」レイアウト崩れ#{3}","lines":[20,25],"size":177,"outlinks":[],"class_name":"SmartBlock"},
"smart_blocks:handover/BACKLOG_v8_20260703.md#v8 対応バックログ（2026-07-03 着手予定）#FB 一覧（優先度順）#C-3 slide2（ビジュアル診断ボード 2/3）": {"path":null,"last_embed":{"hash":"1h1uhc0","at":1782975299976},"embeddings":{"TaylorAI/bge-micro-v2":{"vec":[-0.07682534,-0.03815182,-0.00167182,-0.02696023,0.04674937,0.01735703,-0.05267502,0.0120455,0.06373202,-0.01892237,-0.03866313,-0.03115361,0.02407924,0.03500277,0.01188508,-0.02298137,-0.00131311,-0.01218103,-0.05694066,-0.04848518,0.07308889,-0.03172762,0.00011973,-0.01125637,0.08089954,0.01297748,0.00162866,-0.05278536,-0.04954813,-0.15350598,-0.0456085,-0.04507626,0.044501,0.02991515,0.00219107,-0.00171447,-0.03303169,0.04482079,-0.03378818,0.01714036,-0.00966477,0.03802037,0.01000074,-0.05753191,0.02072999,-0.05839933,-0.02563201,0.00536584,0.0141525,-0.06148214,-0.04553843,0.00187239,0.00872341,0.00855769,0.05783015,0.04768576,0.02950533,-0.02049761,0.06538442,0.03454043,0.06266347,0.01787322,-0.207683,0.02398757,0.00144205,-0.03047011,-0.05112683,-0.03132448,0.02971936,0.09793825,-0.06417604,-0.04588548,0.01145166,0.07416676,-0.01706237,0.00099909,-0.03753617,-0.04835173,-0.06758367,-0.00877211,0.0049569,-0.00863271,-0.02135846,-0.00718058,0.02190775,-0.03352363,0.06098698,0.0067218,0.00694981,0.06197863,-0.00116868,-0.04020857,0.08993369,0.05781807,-0.0386239,-0.00339261,0.05588257,0.02132523,-0.03551545,0.10249893,-0.06718548,0.02285101,0.04029189,-0.07707281,0.04749032,0.01604498,-0.01760314,-0.0048767,-0.02071234,-0.06148154,-0.0118113,-0.02515606,0.05805517,-0.06159849,0.00565964,0.01652774,0.03579453,0.03400452,0.01055642,0.02124111,0.04131297,-0.00399751,0.06482557,-0.06434282,0.03328172,0.00389842,0.04294446,0.05542643,0.02034902,0.02582262,0.01676123,-0.00994156,-0.14420807,-0.03111983,-0.04858137,0.02784983,0.00300506,0.01821168,0.03829025,-0.01246982,-0.00606481,-0.11035875,-0.01368457,-0.07505175,-0.05600051,0.10016301,-0.04563949,-0.03872829,0.0162113,-0.03058974,0.01845016,0.08056822,-0.02646758,-0.04056063,0.01802308,0.01141467,-0.00511282,0.09545024,-0.02965109,0.02041489,0.00282751,-0.05350129,-0.05749693,0.0282127,0.06578568,-0.08718733,-0.00594964,0.06493341,0.01679597,-0.02746942,-0.04089832,0.01460783,-0.08094939,-0.01045495,0.10501171,0.02829742,0.08731111,0.04026421,-0.0704033,-0.00491478,0.02968507,-0.05809478,-0.07205121,0.0363046,-0.00341174,-0.04685674,-0.02390988,-0.05854246,0.03541064,0.01090297,-0.12266879,-0.02662287,-0.00818763,0.02542061,-0.025924,-0.01531382,-0.01540758,0.00294359,0.05412056,-0.07514925,0.13161205,0.04716497,-0.0297102,-0.02444804,0.0240524,0.00119497,0.01260291,-0.04814585,-0.04635802,0.03344011,-0.05655922,-0.00616906,0.07217861,0.02948306,-0.00528807,-0.02000399,-0.04249429,0.03294787,-0.01888087,0.02598335,0.01425082,0.00765857,-0.05166099,-0.20893881,0.02849192,0.01831252,-0.04006818,-0.02613726,0.00554741,-0.01984016,0.00598425,0.12419426,0.04511768,0.11222079,0.03864363,0.00955885,-0.02998004,-0.02314465,0.02649552,-0.00147031,0.00271101,-0.06221203,-0.00897854,-0.00151024,0.02558014,0.0082416,0.0251994,0.08963257,-0.04338704,0.11004217,0.01420027,0.02235038,-0.0497074,0.04391254,0.04755872,-0.02231985,-0.03777086,0.04688486,0.01590498,-0.01033067,-0.00170258,-0.03107885,-0.06426597,0.03277552,0.05197892,-0.03252964,-0.10926174,-0.07794544,-0.06834384,-0.0183131,-0.06221846,-0.02114316,0.04067384,0.02633217,0.01260213,0.02338167,0.06283654,0.02295806,-0.00215478,-0.07335167,-0.00832297,0.00519026,0.06109871,0.03699005,-0.02228918,-0.03928922,-0.02424731,-0.00618429,0.00407181,0.01679778,-0.02874115,0.02401496,0.01658192,0.00689675,0.05588304,0.00806934,0.05564185,0.04105565,0.02685428,0.02347025,-0.08356793,0.04545975,-0.02279151,0.04915943,-0.0251235,0.0848967,0.04272603,0.02371514,-0.0018541,0.04201641,-0.02398202,0.00706146,0.04350539,-0.0297595,0.00459436,-0.04824185,-0.04425269,0.04719266,0.00249148,-0.33637342,0.00509105,-0.03792058,0.02434727,0.04095732,0.06067877,-0.00533015,-0.02358779,-0.06981209,0.04450708,-0.05495598,0.08829166,0.02542948,-0.01106889,0.03845535,-0.06335734,0.01820059,0.04346928,0.04647413,-0.04216556,-0.04757311,0.00458347,0.1992096,0.04424901,0.02685701,0.0010813,0.00713685,0.0004963,0.08765844,0.01337114,-0.0457912,-0.02206752,0.12793019,0.00533547,0.04266794,0.02353406,-0.04282191,0.04408205,0.03587312,-0.04905788,-0.00041338,0.02432313,-0.02454957,-0.01748547,0.08791265,-0.00071444,-0.04856437,-0.02787698,0.04130144,0.03051797,-0.00764198,-0.00408912,-0.01929543,0.00422535,0.02282281,0.02320286,0.06939835,-0.00468434,-0.04174745,-0.00254738,0.0283301,-0.0007998,0.03084762,0.06431956,0.05013615],"last_embed":{"tokens":301,"hash":"1h1uhc0"}}},"text":null,"length":0,"last_read":{"hash":"1h1uhc0","at":1782975299976},"key":"handover/BACKLOG_v8_20260703.md#v8 対応バックログ（2026-07-03 着手予定）#FB 一覧（優先度順）#C-3 slide2（ビジュアル診断ボード 2/3）","lines":[26,35],"size":337,"outlinks":[],"class_name":"SmartBlock"},
"smart_blocks:handover/BACKLOG_v8_20260703.md#v8 対応バックログ（2026-07-03 着手予定）#FB 一覧（優先度順）#C-3 slide2（ビジュアル診断ボード 2/3）#3. 10項目スコア表の下部がフッター「改善方向」帯と重複": {"path":null,"last_embed":{"hash":"z991yv","at":1782975300047},"embeddings":{"TaylorAI/bge-micro-v2":{"vec":[-0.07675512,-0.034244,-0.00394166,-0.02549377,0.04494758,0.02104031,-0.0526429,0.01183491,0.06668504,-0.01543519,-0.03899428,-0.02825595,0.02595515,0.03685664,0.01418887,-0.01780977,-0.00568922,-0.0093587,-0.05590916,-0.04682484,0.06893326,-0.03053324,0.00017943,-0.00836739,0.07960758,0.01409794,-0.00194057,-0.05561944,-0.05419944,-0.15359423,-0.04888681,-0.0474869,0.04551049,0.03107133,0.00299844,-0.00523282,-0.03494395,0.04580145,-0.03026894,0.0129291,-0.01039958,0.04181717,0.00831777,-0.05801239,0.01486468,-0.06010984,-0.0241191,0.00508736,0.01577344,-0.05899438,-0.04676724,0.00065145,0.01115784,0.00879811,0.05528872,0.04527723,0.02673523,-0.01972401,0.06838705,0.03292074,0.05845866,0.01958559,-0.2082305,0.02330928,0.00250865,-0.02852855,-0.05013676,-0.03312922,0.02221662,0.10160418,-0.06504556,-0.04528574,0.01274185,0.07534004,-0.0198046,-0.00053753,-0.03416106,-0.04686021,-0.06849108,-0.00850226,0.00648825,-0.01038721,-0.02473933,-0.008187,0.02441487,-0.03604119,0.06346058,0.00891538,0.00394947,0.06235966,-0.00088242,-0.04096623,0.08552542,0.05750047,-0.03651287,-0.00537268,0.06001857,0.01896726,-0.03570605,0.10029998,-0.06327433,0.01833439,0.04010893,-0.07610238,0.04703105,0.014211,-0.01771714,-0.00524804,-0.01952144,-0.06152453,-0.00892166,-0.02420942,0.06161647,-0.06114238,0.00227989,0.02004441,0.03542712,0.03454781,0.00928377,0.01891377,0.0427602,-0.00139974,0.06586999,-0.06753942,0.0330468,0.00139606,0.04293075,0.05341472,0.0170071,0.02212173,0.015894,-0.01025383,-0.15035282,-0.0262639,-0.05363567,0.02942102,0.00310662,0.01918584,0.03363926,-0.01633654,-0.00761008,-0.1064174,-0.01191982,-0.07456589,-0.05171749,0.0999265,-0.04555178,-0.03641717,0.01726202,-0.02868492,0.02003311,0.08094986,-0.02574023,-0.0420969,0.0154364,0.01256853,0.00002072,0.08869212,-0.03462606,0.0238055,0.00108918,-0.05245396,-0.05325425,0.02755792,0.06502017,-0.08375016,-0.00177984,0.06406444,0.01695264,-0.02201526,-0.03981145,0.01564129,-0.08859465,-0.00844434,0.10285282,0.02921158,0.08760874,0.04117745,-0.06540885,-0.00034139,0.03156078,-0.05589073,-0.07303323,0.03426024,-0.00306772,-0.04611401,-0.02545465,-0.05547179,0.03462848,0.01280793,-0.12632532,-0.02436307,-0.00313126,0.03023471,-0.02948059,-0.0134493,-0.00924209,0.0060281,0.05294595,-0.07340524,0.1360642,0.04248084,-0.02539409,-0.02346252,0.02344757,-0.0001545,0.01407168,-0.05257044,-0.04970818,0.03373415,-0.05591379,-0.00635574,0.07056574,0.02975098,0.00325324,-0.02092587,-0.04167775,0.03301159,-0.02244826,0.02768026,0.00993261,0.01124084,-0.05414338,-0.20975739,0.02807357,0.01924242,-0.04155625,-0.02543285,0.00838272,-0.02160832,0.00721892,0.12158469,0.04108453,0.11592268,0.03967974,0.00936001,-0.02972489,-0.0220212,0.02252034,-0.00469308,0.00417864,-0.06158761,-0.00934939,0.00355724,0.02486829,0.00686641,0.02639798,0.09243261,-0.0452999,0.10753822,0.01558449,0.02411539,-0.05395109,0.04155602,0.04816341,-0.02114949,-0.03481901,0.04954597,0.01784861,-0.01129223,-0.0051245,-0.03571249,-0.06604868,0.02988512,0.05007838,-0.02791138,-0.10953506,-0.07195597,-0.07103817,-0.01604564,-0.05587615,-0.01785966,0.04201894,0.02378036,0.01524618,0.02149274,0.06225593,0.02372385,0.0001492,-0.07668509,-0.00362701,0.00229959,0.0571365,0.03819904,-0.0228416,-0.03956049,-0.02660792,-0.00880889,-0.00048377,0.01608256,-0.03142041,0.02369138,0.01747713,0.00805016,0.05477987,0.00514943,0.05314644,0.04472026,0.0263403,0.02450671,-0.08819743,0.04928931,-0.02700954,0.0497321,-0.02186846,0.07929749,0.04336663,0.02361067,-0.00445617,0.045092,-0.02676712,0.00544344,0.0377054,-0.02579895,0.00194003,-0.04222805,-0.04312332,0.04760573,0.00557727,-0.33669791,0.0029028,-0.03986778,0.02146342,0.04616044,0.05791573,-0.00340294,-0.02650166,-0.0688967,0.04650155,-0.05588389,0.08856496,0.02135167,-0.01643564,0.03766171,-0.06492394,0.02031797,0.04050282,0.05158148,-0.036706,-0.04408533,0.00552178,0.20271929,0.04288076,0.02466025,0.00132042,0.00913827,-0.00017927,0.08616796,0.01040597,-0.04525555,-0.02138897,0.12766634,0.00716961,0.04472036,0.02464564,-0.04236122,0.04723906,0.03301877,-0.04719694,0.00124759,0.02474289,-0.03003586,-0.01670922,0.08853095,0.00009769,-0.04834393,-0.02780381,0.04299924,0.02911123,-0.00859217,-0.00516224,-0.01924627,-0.00069097,0.02315485,0.02605781,0.0659325,-0.0077206,-0.04322693,-0.00280881,0.0273158,-0.00328819,0.03228327,0.06789254,0.05045632],"last_embed":{"tokens":299,"hash":"z991yv"}}},"text":null,"length":0,"last_read":{"hash":"z991yv","at":1782975300047},"key":"handover/BACKLOG_v8_20260703.md#v8 対応バックログ（2026-07-03 着手予定）#FB 一覧（優先度順）#C-3 slide2（ビジュアル診断ボード 2/3）#3. 10項目スコア表の下部がフッター「改善方向」帯と重複","lines":[28,35],"size":305,"outlinks":[],"class_name":"SmartBlock"},
"smart_blocks:handover/BACKLOG_v8_20260703.md#v8 対応バックログ（2026-07-03 着手予定）#FB 一覧（優先度順）#C-3 slide2（ビジュアル診断ボード 2/3）#3. 10項目スコア表の下部がフッター「改善方向」帯と重複#{1}": {"path":null,"last_embed":{"hash":null},"embeddings":{},"text":null,"length":0,"last_read":{"hash":"13s9bky","at":1782975294683},"key":"handover/BACKLOG_v8_20260703.md#v8 対応バックログ（2026-07-03 着手予定）#FB 一覧（優先度順）#C-3 slide2（ビジュアル診断ボード 2/3）#3. 10項目スコア表の下部がフッター「改善方向」帯と重複#{1}","lines":[29,29],"size":50,"outlinks":[],"class_name":"SmartBlock"},
"smart_blocks:handover/BACKLOG_v8_20260703.md#v8 対応バックログ（2026-07-03 着手予定）#FB 一覧（優先度順）#C-3 slide2（ビジュアル診断ボード 2/3）#3. 10項目スコア表の下部がフッター「改善方向」帯と重複#{2}": {"path":null,"last_embed":{"hash":null},"embeddings":{},"text":null,"length":0,"last_read":{"hash":"19myrus","at":1782975294683},"key":"handover/BACKLOG_v8_20260703.md#v8 対応バックログ（2026-07-03 着手予定）#FB 一覧（優先度順）#C-3 slide2（ビジュアル診断ボード 2/3）#3. 10項目スコア表の下部がフッター「改善方向」帯と重複#{2}","lines":[30,30],"size":61,"outlinks":[],"class_name":"SmartBlock"},
"smart_blocks:handover/BACKLOG_v8_20260703.md#v8 対応バックログ（2026-07-03 着手予定）#FB 一覧（優先度順）#C-3 slide2（ビジュアル診断ボード 2/3）#3. 10項目スコア表の下部がフッター「改善方向」帯と重複#{3}": {"path":null,"last_embed":{"hash":null},"embeddings":{},"text":null,"length":0,"last_read":{"hash":"1xfi7ea","at":1782975294683},"key":"handover/BACKLOG_v8_20260703.md#v8 対応バックログ（2026-07-03 着手予定）#FB 一覧（優先度順）#C-3 slide2（ビジュアル診断ボード 2/3）#3. 10項目スコア表の下部がフッター「改善方向」帯と重複#{3}","lines":[31,35],"size":157,"outlinks":[],"class_name":"SmartBlock"},
"smart_blocks:handover/BACKLOG_v8_20260703.md#v8 対応バックログ（2026-07-03 着手予定）#FB 一覧（優先度順）#通常データ / 120字ストレス 両方で発生": {"path":null,"last_embed":{"hash":null},"embeddings":{},"text":null,"length":0,"last_read":{"hash":"11ln9zw","at":1782975294683},"key":"handover/BACKLOG_v8_20260703.md#v8 対応バックログ（2026-07-03 着手予定）#FB 一覧（優先度順）#通常データ / 120字ストレス 両方で発生","lines":[36,40],"size":75,"outlinks":[],"class_name":"SmartBlock"},
"smart_blocks:handover/BACKLOG_v8_20260703.md#v8 対応バックログ（2026-07-03 着手予定）#FB 一覧（優先度順）#通常データ / 120字ストレス 両方で発生#{1}": {"path":null,"last_embed":{"hash":null},"embeddings":{},"text":null,"length":0,"last_read":{"hash":"uu1b0a","at":1782975294683},"key":"handover/BACKLOG_v8_20260703.md#v8 対応バックログ（2026-07-03 着手予定）#FB 一覧（優先度順）#通常データ / 120字ストレス 両方で発生#{1}","lines":[37,40],"size":48,"outlinks":[],"class_name":"SmartBlock"},
"smart_blocks:handover/BACKLOG_v8_20260703.md#v8 対応バックログ（2026-07-03 着手予定）#対応順序（案）": {"path":null,"last_embed":{"hash":"1ok7nxd","at":1782975300117},"embeddings":{"TaylorAI/bge-micro-v2":{"vec":[-0.08085964,-0.0012912,0.01046754,-0.00915432,0.03048086,-0.00817647,-0.06410818,0.00497591,0.04671053,-0.03446303,-0.03087019,-0.0449003,0.03592962,-0.01052115,0.02291966,-0.03435179,-0.01049633,-0.0267769,-0.04221562,-0.04603036,0.08704954,-0.03856424,-0.03589353,-0.00427257,0.0666016,0.0059389,0.00020434,-0.03277487,-0.01920482,-0.1835451,-0.04898493,-0.02523763,0.03295008,-0.00910899,-0.00172388,0.03528501,-0.04923939,0.02363451,-0.02828102,0.01210473,0.00076102,0.01828513,-0.03298903,-0.04144844,0.03165462,-0.0642295,-0.00942045,-0.00014774,0.03049176,-0.0762058,-0.05124453,0.01351697,0.0319991,-0.01414511,0.04436176,0.04685243,0.02979288,-0.02555918,0.05622801,0.01644433,0.06450756,0.03557584,-0.21651739,0.05357359,0.00313329,-0.00541952,-0.05798132,-0.01834784,0.0576326,0.12334181,-0.08992694,-0.02950449,0.01234409,0.09885178,-0.00697768,0.01184673,-0.03532395,-0.05612202,-0.05235143,-0.00608058,0.00594095,-0.02118167,-0.03248172,-0.01367171,0.00708863,-0.03824033,0.04969168,0.00247581,0.00505703,0.02886218,0.01001631,-0.02361638,0.09305028,0.02883258,-0.02869043,0.0316629,0.06538964,0.02374487,-0.04881577,0.11465129,-0.09075334,0.03540161,0.03649491,-0.04933865,0.05032449,0.03951937,-0.00240592,-0.01735601,-0.04384016,-0.06627944,-0.00553777,0.00419613,0.06961498,-0.0575025,-0.00625777,0.00455472,0.04563589,0.01683567,-0.00447034,0.01404589,0.06533847,-0.0015847,0.05475977,-0.0698253,0.02645871,0.00304435,0.05036084,0.06716819,0.0392242,0.02860546,0.01557998,0.01527072,-0.11073465,-0.01608054,-0.02200396,0.02729301,-0.01818318,0.03309688,0.02341531,-0.0140446,-0.02232835,-0.06868953,-0.01538423,-0.07327069,-0.05627602,0.08495484,-0.06312781,0.00600123,-0.00136038,-0.05006902,0.04178703,0.08173032,-0.00485135,-0.03203864,0.00785917,0.00070354,0.03091217,0.08429922,-0.01875723,0.0026387,0.007069,-0.0269139,-0.04649046,0.04640843,0.06103645,-0.09607605,-0.01665713,0.05228975,0.02313811,-0.03358775,-0.01594939,0.0045908,-0.08471696,-0.04093679,0.06269366,0.02474695,0.06494264,0.05014685,-0.02261638,0.0132802,0.02621734,-0.0837319,-0.04945256,0.04909642,-0.03244506,-0.07308841,-0.0227447,-0.0676365,0.02601044,0.01557731,-0.08113354,-0.0399644,-0.01736496,0.0369085,0.00095994,0.00056471,-0.02432759,0.0109911,0.07111125,-0.08908005,0.11745847,0.03886742,-0.0181856,-0.01241941,-0.00476377,0.01056902,0.03552305,-0.06521309,0.00937672,0.02590923,-0.02923958,0.01742637,0.10101824,0.01719838,-0.01874274,-0.01221488,-0.02954579,0.01671714,-0.0098583,0.05521059,0.01722413,0.03248191,-0.06049967,-0.20563895,0.02971176,0.00755148,-0.00414593,-0.00345015,0.02556223,-0.00125604,0.00306536,0.11511149,0.0059406,0.10877058,0.05089192,0.03295707,-0.00238154,-0.01343876,0.02449673,0.00245674,-0.00265231,-0.04665769,-0.00731188,-0.01804246,0.01363346,-0.01637261,-0.01482841,0.06937773,-0.04877237,0.12457585,-0.01561911,0.04897592,-0.02460079,0.02247952,0.04607688,-0.0264411,-0.07207202,0.03363479,0.03511183,-0.01730788,-0.02090393,-0.00504283,-0.04048142,0.03688587,0.03246408,-0.04539841,-0.12843955,-0.04552839,-0.10662056,0.01335503,-0.0405078,-0.03992439,0.06039166,0.02658439,0.0041672,0.03372207,0.06313096,0.02691142,-0.04531367,-0.08465071,-0.02682512,-0.01639638,0.05701591,0.01381803,-0.02501177,-0.02166761,-0.02619832,-0.02280053,0.01412616,-0.01321086,-0.04263248,0.01065688,0.0180359,0.00688179,0.08037528,-0.01459685,0.0295452,0.02241307,0.05049445,0.04072616,-0.09428541,0.02087635,-0.03928966,0.02361454,-0.02431227,0.06507295,0.05158928,0.03739593,-0.01842398,0.02716409,-0.02777778,0.0482201,0.02426861,-0.05865147,0.01755331,-0.0474202,-0.07840706,0.06856657,0.02210746,-0.31031942,-0.00489692,-0.07540361,0.02837743,0.0379237,0.07485642,0.00236934,-0.01722314,-0.06009696,0.03399932,-0.05857643,0.09817141,0.0302302,-0.01226567,0.03100344,-0.07775456,0.04968027,0.02672378,0.04149694,-0.03046101,-0.06778926,-0.01409691,0.18580975,0.04185855,0.02726918,0.01092287,0.00646137,0.0378368,0.08467914,0.00273174,-0.04774264,-0.04123089,0.07349805,-0.03425037,0.0404696,0.05575145,-0.03637432,0.01432453,0.05163753,-0.03567713,-0.00623543,0.01548347,-0.03118536,-0.04192109,0.06869868,-0.00542885,-0.03643758,-0.02458861,0.02566359,0.0128364,-0.01217897,0.01084554,-0.00506808,0.01919427,0.03957735,0.02862283,0.06313581,-0.00352096,-0.01652307,-0.02569801,0.04201733,-0.02955016,0.053093,0.10225896,0.05991814],"last_embed":{"tokens":185,"hash":"1ok7nxd"}}},"text":null,"length":0,"last_read":{"hash":"1ok7nxd","at":1782975300117},"key":"handover/BACKLOG_v8_20260703.md#v8 対応バックログ（2026-07-03 着手予定）#対応順序（案）","lines":[41,53],"size":241,"outlinks":[],"class_name":"SmartBlock"},
"smart_blocks:handover/BACKLOG_v8_20260703.md#v8 対応バックログ（2026-07-03 着手予定）#対応順序（案）#{1}": {"path":null,"last_embed":{"hash":null},"embeddings":{},"text":null,"length":0,"last_read":{"hash":"r1ldo3","at":1782975294683},"key":"handover/BACKLOG_v8_20260703.md#v8 対応バックログ（2026-07-03 着手予定）#対応順序（案）#{1}","lines":[43,43],"size":37,"outlinks":[],"class_name":"SmartBlock"},
"smart_blocks:handover/BACKLOG_v8_20260703.md#v8 対応バックログ（2026-07-03 着手予定）#対応順序（案）#{2}": {"path":null,"last_embed":{"hash":null},"embeddings":{},"text":null,"length":0,"last_read":{"hash":"lg5345","at":1782975294683},"key":"handover/BACKLOG_v8_20260703.md#v8 対応バックログ（2026-07-03 着手予定）#対応順序（案）#{2}","lines":[44,44],"size":26,"outlinks":[],"class_name":"SmartBlock"},
"smart_blocks:handover/BACKLOG_v8_20260703.md#v8 対応バックログ（2026-07-03 着手予定）#対応順序（案）#{3}": {"path":null,"last_embed":{"hash":null},"embeddings":{},"text":null,"length":0,"last_read":{"hash":"1pxygkv","at":1782975294683},"key":"handover/BACKLOG_v8_20260703.md#v8 対応バックログ（2026-07-03 着手予定）#対応順序（案）#{3}","lines":[45,46],"size":31,"outlinks":[],"class_name":"SmartBlock"},
"smart_blocks:handover/BACKLOG_v8_20260703.md#v8 対応バックログ（2026-07-03 着手予定）#対応順序（案）#{4}": {"path":null,"last_embed":{"hash":null},"embeddings":{},"text":null,"length":0,"last_read":{"hash":"2vje5p","at":1782975294683},"key":"handover/BACKLOG_v8_20260703.md#v8 対応バックログ（2026-07-03 着手予定）#対応順序（案）#{4}","lines":[47,47],"size":5,"outlinks":[],"class_name":"SmartBlock"},
"smart_blocks:handover/BACKLOG_v8_20260703.md#v8 対応バックログ（2026-07-03 着手予定）#対応順序（案）#{5}": {"path":null,"last_embed":{"hash":null},"embeddings":{},"text":null,"length":0,"last_read":{"hash":"wxl8br","at":1782975294683},"key":"handover/BACKLOG_v8_20260703.md#v8 対応バックログ（2026-07-03 着手予定）#対応順序（案）#{5}","lines":[48,48],"size":34,"outlinks":[],"class_name":"SmartBlock"},
"smart_blocks:handover/BACKLOG_v8_20260703.md#v8 対応バックログ（2026-07-03 着手予定）#対応順序（案）#{6}": {"path":null,"last_embed":{"hash":null},"embeddings":{},"text":null,"length":0,"last_read":{"hash":"sos89j","at":1782975294683},"key":"handover/BACKLOG_v8_20260703.md#v8 対応バックログ（2026-07-03 着手予定）#対応順序（案）#{6}","lines":[49,49],"size":32,"outlinks":[],"class_name":"SmartBlock"},
"smart_blocks:handover/BACKLOG_v8_20260703.md#v8 対応バックログ（2026-07-03 着手予定）#対応順序（案）#{7}": {"path":null,"last_embed":{"hash":null},"embeddings":{},"text":null,"length":0,"last_read":{"hash":"3qeifx","at":1782975294683},"key":"handover/BACKLOG_v8_20260703.md#v8 対応バックログ（2026-07-03 着手予定）#対応順序（案）#{7}","lines":[50,53],"size":58,"outlinks":[],"class_name":"SmartBlock"},
"smart_blocks:handover/BACKLOG_v8_20260703.md#v8 対応バックログ（2026-07-03 着手予定）#v8 完了後の後続タスク（Phase S1 以降）": {"path":null,"last_embed":{"hash":"i6mioj","at":1782975300158},"embeddings":{"TaylorAI/bge-micro-v2":{"vec":[-0.06445663,-0.06898483,0.00913492,-0.01609743,0.03210034,0.0002108,-0.06346095,0.00839673,0.04426182,-0.01493273,-0.00871101,-0.02418992,0.03740693,0.00629983,0.01282315,-0.03472377,-0.01316412,-0.06078083,-0.03811907,-0.03675918,0.09688966,-0.04663764,-0.02221288,-0.02981538,0.08528268,0.01400346,0.02859626,-0.02280661,-0.04574249,-0.18150027,-0.01968868,-0.01297032,-0.00336188,0.00650645,-0.01035605,-0.00447303,-0.00217351,0.0742989,-0.04247186,0.02492457,-0.01001641,0.05508469,0.00668362,-0.05463982,0.00989872,-0.05741636,-0.00758784,0.01177488,0.02888789,-0.08914216,-0.03257036,0.02397897,-0.02826447,-0.00089518,0.0761032,0.03426195,0.03995376,-0.00472132,0.0314793,0.01472434,0.06940549,0.00591083,-0.22248416,0.03924853,-0.00428588,-0.03900727,-0.02606791,-0.02739553,0.0493366,0.08893637,-0.06744346,-0.06738107,-0.01642453,0.07031842,-0.01052782,0.01004781,-0.05235596,-0.03978132,-0.04605273,-0.01387116,-0.02312714,-0.01921746,-0.01809962,-0.00128618,-0.02740476,-0.01977641,0.04306427,0.00480463,0.00075284,0.05461812,0.0059383,-0.03981011,0.08656321,0.0429001,-0.07907177,0.01252793,0.03969176,0.06616338,-0.0194739,0.11684942,-0.03516698,0.05723218,0.03687228,-0.06968633,0.05445438,0.01960917,-0.07528948,-0.01201867,-0.02937171,-0.0527721,-0.02712378,-0.03852621,0.05854174,-0.08288954,0.02865741,0.01538165,0.05943217,0.03654297,0.0230153,-0.01476241,0.05893323,0.00521461,0.08929174,-0.04549446,0.02298482,0.00407231,0.05572877,0.06341302,0.01208729,0.03667252,0.00364495,0.00225414,-0.11480718,-0.03831917,0.01641792,0.02312533,-0.00415686,0.03155788,0.03144522,-0.01292075,-0.02339823,-0.08771988,-0.01362377,-0.09539463,-0.03641229,0.09073774,-0.04096798,-0.04283642,0.00408499,-0.02312225,0.01669322,0.08168004,0.01460292,-0.07435685,0.00250616,0.00499901,0.00885586,0.09795035,-0.01179846,-0.00936024,-0.01267054,-0.03600912,-0.06995896,0.06167823,0.0580855,-0.1233382,-0.03662318,0.04565215,0.01849579,-0.02299415,-0.03953581,0.05440656,-0.07642835,-0.02702689,0.10298458,0.03719673,0.03676794,0.01990675,-0.0539267,-0.00073697,-0.00353326,-0.02809357,-0.03279039,0.04808054,0.00974772,-0.04943207,-0.02518478,-0.03978799,0.0096893,-0.024744,-0.06048253,-0.00899136,-0.03504164,0.03050212,-0.01547045,-0.0406419,-0.0500931,0.02512645,0.06760188,-0.06385093,0.13812853,0.05930095,-0.03312374,-0.0034214,0.01770858,0.03438018,0.00255243,-0.0215171,-0.01474209,0.03551603,-0.06312671,0.01072881,0.05810193,0.01431534,-0.01817104,-0.00446558,-0.02947245,0.00079207,-0.01171679,0.01591265,0.05294659,0.01861352,-0.0393156,-0.20716782,0.02378462,0.03112293,-0.04703013,-0.02284222,0.00045398,-0.0055003,-0.00659896,0.09204617,0.04093588,0.06512558,0.05747624,0.03265066,-0.02673251,-0.00758659,0.02722964,0.0341406,0.0094977,-0.04668881,-0.00651786,0.0051945,0.04482537,-0.02723531,0.00399098,0.05505481,-0.02440981,0.12156914,-0.00685535,0.01138855,-0.02740662,0.03043772,0.02468785,-0.04305136,-0.01758299,0.02682934,0.01855697,-0.0147425,-0.00727974,-0.00990545,-0.03632474,0.03822035,0.06954718,-0.0523712,-0.08062022,-0.08625252,-0.07719671,-0.01873273,-0.04795989,-0.01897435,0.03907925,0.01455135,0.0291359,0.01986109,0.0500753,0.05968622,0.02185385,-0.08012984,-0.02819641,0.00633384,0.08251023,0.0263502,0.01533597,-0.04532151,-0.03186666,-0.00714569,0.03344423,0.00441251,-0.03703313,0.00187704,0.01501535,-0.00682239,0.08175509,0.00500214,0.03675256,0.02447131,0.00570963,0.00009993,-0.07234428,0.01615656,-0.01120195,0.0507936,-0.05176219,0.11795213,0.04741928,0.03960585,0.03089493,0.03328674,0.01330093,0.01793772,0.05328456,-0.03969302,0.00118633,-0.04348513,-0.04573854,0.05854011,-0.01268471,-0.31849101,-0.00662587,-0.05229331,0.07010695,0.01597206,0.07838278,-0.0102313,-0.01678674,-0.07272973,0.02832595,-0.05777449,0.09231317,0.04047418,0.05250666,0.00000222,-0.08066165,0.0348333,0.04699207,0.00774176,-0.06436209,-0.05690934,-0.00305989,0.17916743,0.04841306,0.03459095,0.02056759,-0.02286841,0.0407776,0.05249015,0.02982528,-0.01794869,-0.06491184,0.10693048,0.00479496,0.01161823,-0.01026927,-0.05327835,0.02486501,0.03469715,-0.03209381,-0.02917902,0.00208992,-0.00723373,-0.05293547,0.1259549,-0.00151874,-0.03800641,-0.03529825,0.03767065,0.04985777,-0.03188517,0.00458851,-0.01754133,-0.00593577,0.03052064,0.02287597,0.04082771,0.01124091,-0.03304187,-0.02285446,0.01027687,-0.00095968,0.00890155,0.0501084,0.07569755],"last_embed":{"tokens":186,"hash":"i6mioj"}}},"text":null,"length":0,"last_read":{"hash":"i6mioj","at":1782975300158},"key":"handover/BACKLOG_v8_20260703.md#v8 対応バックログ（2026-07-03 着手予定）#v8 完了後の後続タスク（Phase S1 以降）","lines":[54,65],"size":230,"outlinks":[],"class_name":"SmartBlock"},
"smart_blocks:handover/BACKLOG_v8_20260703.md#v8 対応バックログ（2026-07-03 着手予定）#v8 完了後の後続タスク（Phase S1 以降）#{1}": {"path":null,"last_embed":{"hash":null},"embeddings":{},"text":null,"length":0,"last_read":{"hash":"12trmy1","at":1782975294683},"key":"handover/BACKLOG_v8_20260703.md#v8 対応バックログ（2026-07-03 着手予定）#v8 完了後の後続タスク（Phase S1 以降）#{1}","lines":[56,57],"size":69,"outlinks":[],"class_name":"SmartBlock"},
"smart_blocks:handover/BACKLOG_v8_20260703.md#v8 対応バックログ（2026-07-03 着手予定）#v8 完了後の後続タスク（Phase S1 以降）#{2}": {"path":null,"last_embed":{"hash":null},"embeddings":{},"text":null,"length":0,"last_read":{"hash":"1xd42sk","at":1782975294683},"key":"handover/BACKLOG_v8_20260703.md#v8 対応バックログ（2026-07-03 着手予定）#v8 完了後の後続タスク（Phase S1 以降）#{2}","lines":[58,61],"size":104,"outlinks":[],"class_name":"SmartBlock"},
"smart_blocks:handover/BACKLOG_v8_20260703.md#v8 対応バックログ（2026-07-03 着手予定）#v8 完了後の後続タスク（Phase S1 以降）#{3}": {"path":null,"last_embed":{"hash":null},"embeddings":{},"text":null,"length":0,"last_read":{"hash":"1asnvv2","at":1782975294683},"key":"handover/BACKLOG_v8_20260703.md#v8 対応バックログ（2026-07-03 着手予定）#v8 完了後の後続タスク（Phase S1 以降）#{3}","lines":[62,65],"size":25,"outlinks":[],"class_name":"SmartBlock"},