"smart_sources:DYNAMIC_LAUNCH_DECISION.md": {"path":"DYNAMIC_LAUNCH_DECISION.md","last_embed":{"hash":"1454ptx","at":1783058943733},"embeddings":{"TaylorAI/bge-micro-v2":{"vec":[-0.05912946,0.01312156,0.03370426,-0.05078951,-0.06013824,0.09269873,-0.00748542,0.0186835,0.06865738,-0.0377489,-0.01469622,-0.04473236,0.03058843,0.09122035,0.00415206,-0.015243,-0.03513322,-0.03344557,-0.01931585,-0.00143683,0.07357852,-0.01993535,0.0426053,-0.0751437,0.0113295,0.04165243,-0.00754877,0.01288774,-0.01826221,-0.15479878,0.00525156,-0.0413623,0.06893056,-0.05185483,0.00230799,-0.00419406,-0.00803601,0.09021984,-0.03591816,0.06589523,0.00273558,0.03649184,0.03735822,-0.04461547,0.03298937,-0.03342925,-0.00449671,-0.03606521,-0.0243161,0.04769602,-0.08267518,-0.04068691,-0.00887441,0.02514285,-0.02867021,0.0244755,0.02268792,0.04057278,0.04744938,0.04722789,-0.01317338,0.00068148,-0.20360708,0.00173776,0.0075172,-0.03434359,-0.05271173,-0.01169816,0.08651816,0.02713821,-0.02372828,0.06093307,0.02768008,0.02220767,-0.00725504,-0.02800722,-0.05600421,-0.00666125,-0.00610727,-0.05348115,-0.01711412,0.01138629,-0.03440811,-0.03742198,-0.01539443,0.02593488,-0.00197327,-0.03591794,-0.00664839,0.07273128,0.00079825,-0.00857937,0.03741249,0.03461519,-0.10269184,0.01492395,0.03865489,0.04900106,-0.08300053,0.13001874,-0.05853767,0.02418545,-0.01927588,-0.04839125,0.00160241,-0.02198528,-0.04593845,-0.01221153,-0.03731303,0.01493897,0.01255598,-0.0493531,0.06208051,-0.04809431,-0.06685817,0.0675211,0.03965161,-0.03749207,-0.01830058,-0.0504086,0.03837183,-0.00602875,0.05518879,-0.04722673,0.01624648,-0.00059837,0.07272196,0.08678076,0.02193244,-0.0101826,0.01960139,-0.00824824,-0.08409468,-0.02513813,0.0122851,0.00720629,-0.00994788,0.00381154,-0.03436115,-0.00581246,-0.04453972,-0.05806617,0.00623568,-0.08283482,-0.0738266,0.09352937,-0.06127743,-0.00602541,-0.00738306,0.0095185,-0.01529044,0.05707915,0.02654542,-0.02158834,-0.03528703,0.03147763,0.0030038,0.12711625,-0.06219219,-0.04550055,-0.04260475,-0.0561817,-0.03902645,0.06346862,0.02116157,-0.04937448,-0.04350497,-0.01174797,0.02788608,-0.04024298,-0.03205433,-0.00250413,-0.01481555,-0.02423386,0.08780092,0.00331038,0.03824361,0.03351487,-0.04730011,0.02133213,0.09162789,-0.04815784,-0.00591229,0.00921618,-0.05709689,-0.09048282,-0.01423667,-0.00989242,0.02903889,-0.04837401,-0.08864585,-0.01979548,0.02626254,0.02294696,0.01349161,-0.0745087,-0.02345951,-0.042206,0.09377517,-0.0729169,0.12191455,-0.02320317,-0.01402657,0.02958077,0.00624917,0.00781781,0.0047872,0.00575625,0.02611072,-0.00179613,-0.02273014,0.03689416,0.01248361,0.04202878,-0.01803719,-0.01284927,-0.02550432,0.0388591,0.00057585,0.0407396,0.05865499,-0.01058351,-0.03203231,-0.23992437,-0.00103249,-0.00158975,-0.02082416,-0.01393306,-0.02798293,-0.00447156,-0.01562654,0.06879389,0.05277032,0.10933838,0.02863175,-0.03804009,0.04422731,-0.00135414,-0.05679218,-0.00118443,0.00848828,-0.01206298,0.0047303,0.00333095,0.01550642,-0.03620004,-0.01412889,0.02789252,-0.02462573,0.13114582,0.01936502,0.07284116,-0.02312401,0.07428458,0.02435165,-0.00117023,-0.07051694,0.08378568,0.04046896,0.00577436,-0.04569035,-0.05686356,-0.03851253,0.00823046,0.00724623,-0.01536944,-0.08726896,-0.00945061,-0.01264979,0.00953386,0.02260179,-0.06733429,0.00129522,0.01573467,0.00346054,0.041727,0.01971339,0.04124439,-0.03038906,-0.06772698,-0.01773111,0.03537195,0.08876821,0.00245892,0.02207824,-0.06921035,-0.0142529,0.00981884,-0.01709949,0.00709515,0.00919999,0.00690152,0.02724679,0.00603701,0.10208292,0.02127735,0.04936643,0.06717467,-0.02305042,0.00901838,-0.04714585,-0.00479259,0.01733393,0.03375475,0.02362466,0.04213225,0.05475261,-0.00172614,-0.0389515,0.03903886,-0.04500689,0.00079285,-0.03334878,-0.05908734,-0.02719238,-0.05512333,-0.02095839,0.06294369,-0.02443255,-0.32263795,0.05117479,0.03863252,0.04815676,0.04300178,0.02423764,-0.02515258,-0.04218499,-0.06825215,-0.00254833,-0.09031919,0.04927394,0.03604216,-0.02791808,0.01455861,-0.02548989,0.07125049,-0.02787501,0.08027425,-0.04894666,0.01646203,0.0699061,0.19298923,0.03800188,0.0399467,0.00384636,-0.0029553,0.06317403,0.07533429,0.02770342,0.0161284,-0.05512478,0.06569908,-0.04767049,0.04728075,0.02160743,-0.00622158,0.03766718,0.03679037,-0.03264936,0.01674755,0.06735267,0.00498216,0.01042633,0.10395966,-0.04222635,-0.00190271,-0.09219751,-0.06178359,0.06218422,0.00533455,0.02706964,-0.04026096,-0.0034506,0.03229358,0.06535804,0.0608094,-0.02128343,-0.03282402,-0.00812475,0.01861387,0.01724959,0.07546178,0.01818772,0.08445493],"last_embed":{"tokens":428,"hash":"1454ptx"}}},"last_read":{"hash":"1454ptx","at":1783058943733},"class_name":"SmartSource","last_import":{"mtime":1783058898643,"size":3371,"at":1783058941589,"hash":"1454ptx"},"blocks":{"#Brain 発売時期 動的判断ロジック（2026-07-02 確定）":[1,84],"#Brain 発売時期 動的判断ロジック（2026-07-02 確定）#基本方針":[3,10],"#Brain 発売時期 動的判断ロジック（2026-07-02 確定）#基本方針#{1}":[5,6],"#Brain 発売時期 動的判断ロジック（2026-07-02 確定）#基本方針#{2}":[7,7],"#Brain 発売時期 動的判断ロジック（2026-07-02 確定）#基本方針#{3}":[8,8],"#Brain 発売時期 動的判断ロジック（2026-07-02 確定）#基本方針#{4}":[9,10],"#Brain 発売時期 動的判断ロジック（2026-07-02 確定）#判断マトリクス（8/15 時点の実測値で判定）":[11,24],"#Brain 発売時期 動的判断ロジック（2026-07-02 確定）#判断マトリクス（8/15 時点の実測値で判定）#{1}":[13,20],"#Brain 発売時期 動的判断ロジック（2026-07-02 確定）#判断マトリクス（8/15 時点の実測値で判定）#{2}":[21,21],"#Brain 発売時期 動的判断ロジック（2026-07-02 確定）#判断マトリクス（8/15 時点の実測値で判定）#{3}":[22,22],"#Brain 発売時期 動的判断ロジック（2026-07-02 確定）#判断マトリクス（8/15 時点の実測値で判定）#{4}":[23,24],"#Brain 発売時期 動的判断ロジック（2026-07-02 確定）#各発売時期の準備逆算スケジュール":[25,47],"#Brain 発売時期 動的判断ロジック（2026-07-02 確定）#各発売時期の準備逆算スケジュール#🚀 8月末発売（最大前倒し）シナリオ":[27,33],"#Brain 発売時期 動的判断ロジック（2026-07-02 確定）#各発売時期の準備逆算スケジュール#🚀 8月末発売（最大前倒し）シナリオ#{1}":[28,28],"#Brain 発売時期 動的判断ロジック（2026-07-02 確定）#各発売時期の準備逆算スケジュール#🚀 8月末発売（最大前倒し）シナリオ#{2}":[29,29],"#Brain 発売時期 動的判断ロジック（2026-07-02 確定）#各発売時期の準備逆算スケジュール#🚀 8月末発売（最大前倒し）シナリオ#{3}":[30,30],"#Brain 発売時期 動的判断ロジック（2026-07-02 確定）#各発売時期の準備逆算スケジュール#🚀 8月末発売（最大前倒し）シナリオ#{4}":[31,31],"#Brain 発売時期 動的判断ロジック（2026-07-02 確定）#各発売時期の準備逆算スケジュール#🚀 8月末発売（最大前倒し）シナリオ#{5}":[32,33],"#Brain 発売時期 動的判断ロジック（2026-07-02 確定）#各発売時期の準備逆算スケジュール#🎯 9月下旬発売シナリオ":[34,41],"#Brain 発売時期 動的判断ロジック（2026-07-02 確定）#各発売時期の準備逆算スケジュール#🎯 9月下旬発売シナリオ#{1}":[35,35],"#Brain 発売時期 動的判断ロジック（2026-07-02 確定）#各発売時期の準備逆算スケジュール#🎯 9月下旬発売シナリオ#{2}":[36,36],"#Brain 発売時期 動的判断ロジック（2026-07-02 確定）#各発売時期の準備逆算スケジュール#🎯 9月下旬発売シナリオ#{3}":[37,37],"#Brain 発売時期 動的判断ロジック（2026-07-02 確定）#各発売時期の準備逆算スケジュール#🎯 9月下旬発売シナリオ#{4}":[38,38],"#Brain 発売時期 動的判断ロジック（2026-07-02 確定）#各発売時期の準備逆算スケジュール#🎯 9月下旬発売シナリオ#{5}":[39,39],"#Brain 発売時期 動的判断ロジック（2026-07-02 確定）#各発売時期の準備逆算スケジュール#🎯 9月下旬発売シナリオ#{6}":[40,41],"#Brain 発売時期 動的判断ロジック（2026-07-02 確定）#各発売時期の準備逆算スケジュール#⏳ 10月上旬発売（当初予定）シナリオ":[42,47],"#Brain 発売時期 動的判断ロジック（2026-07-02 確定）#各発売時期の準備逆算スケジュール#⏳ 10月上旬発売（当初予定）シナリオ#{1}":[43,43],"#Brain 発売時期 動的判断ロジック（2026-07-02 確定）#各発売時期の準備逆算スケジュール#⏳ 10月上旬発売（当初予定）シナリオ#{2}":[44,44],"#Brain 発売時期 動的判断ロジック（2026-07-02 確定）#各発売時期の準備逆算スケジュール#⏳ 10月上旬発売（当初予定）シナリオ#{3}":[45,45],"#Brain 発売時期 動的判断ロジック（2026-07-02 確定）#各発売時期の準備逆算スケジュール#⏳ 10月上旬発売（当初予定）シナリオ#{4}":[46,47],"#Brain 発売時期 動的判断ロジック（2026-07-02 確定）#8/15 判断日までの準備タスク（並行進行）":[48,63],"#Brain 発売時期 動的判断ロジック（2026-07-02 確定）#8/15 判断日までの準備タスク（並行進行）#{1}":[50,63],"#Brain 発売時期 動的判断ロジック（2026-07-02 確定）#判断後のリスケジュール":[64,69],"#Brain 発売時期 動的判断ロジック（2026-07-02 確定）#判断後のリスケジュール#{1}":[66,66],"#Brain 発売時期 動的判断ロジック（2026-07-02 確定）#判断後のリスケジュール#{2}":[67,67],"#Brain 発売時期 動的判断ロジック（2026-07-02 確定）#判断後のリスケジュール#{3}":[68,69],"#Brain 発売時期 動的判断ロジック（2026-07-02 確定）#週次モニタリング体制":[70,84],"#Brain 発売時期 動的判断ロジック（2026-07-02 確定）#週次モニタリング体制#{1}":[72,73],"#Brain 発売時期 動的判断ロジック（2026-07-02 確定）#週次モニタリング体制#{2}":[74,74],"#Brain 発売時期 動的判断ロジック（2026-07-02 確定）#週次モニタリング体制#{3}":[75,75],"#Brain 発売時期 動的判断ロジック（2026-07-02 確定）#週次モニタリング体制#{4}":[76,76],"#Brain 発売時期 動的判断ロジック（2026-07-02 確定）#週次モニタリング体制#{5}":[77,78],"#Brain 発売時期 動的判断ロジック（2026-07-02 確定）#週次モニタリング体制#{6}":[79,84]},"outlinks":[],"task_lines":[],"tasks":{},"codeblock_ranges":[],"key":"DYNAMIC_LAUNCH_DECISION.md"},
"smart_blocks:DYNAMIC_LAUNCH_DECISION.md#Brain 発売時期 動的判断ロジック（2026-07-02 確定）": {"path":null,"last_embed":{"hash":"1454ptx","at":1782976620720},"embeddings":{"TaylorAI/bge-micro-v2":{"vec":[-0.05750006,0.01129998,0.03297802,-0.05242864,-0.06179775,0.09073308,-0.00148334,0.02037017,0.06910262,-0.03445044,-0.01477628,-0.04483964,0.03238697,0.09038616,0.00304862,-0.01041982,-0.03964743,-0.03322244,-0.01896497,-0.0008602,0.07109874,-0.01870211,0.04071548,-0.07689821,0.01255989,0.03969905,-0.00568132,0.01239363,-0.01903116,-0.1543508,0.00931742,-0.03968338,0.06627429,-0.05323074,0.00125455,-0.00627044,-0.00670608,0.08880076,-0.04023297,0.06581613,0.00124883,0.03817389,0.03819738,-0.04515404,0.03142637,-0.03093187,-0.00225446,-0.03828194,-0.02412277,0.04670985,-0.08324867,-0.04422244,-0.00832749,0.02579212,-0.02808302,0.0212602,0.02574175,0.04174465,0.0506874,0.04365724,-0.01250721,0.00264696,-0.2044168,0.00102686,0.00485099,-0.03089925,-0.05195105,-0.01527677,0.08548381,0.02406551,-0.02220321,0.06019343,0.02662249,0.02266314,-0.00370949,-0.02725196,-0.05355452,-0.00759992,-0.00635253,-0.05192179,-0.01820118,0.01385942,-0.03361677,-0.04031618,-0.01334728,0.02484635,-0.00442188,-0.03859572,-0.0064863,0.06989169,0.0050867,-0.01065734,0.03287842,0.03644365,-0.09952155,0.01465372,0.03913628,0.04878671,-0.08383296,0.13232514,-0.06038164,0.02665008,-0.02306485,-0.04970264,0.00312342,-0.02456396,-0.04862799,-0.01516319,-0.04057133,0.01526673,0.01363657,-0.04979611,0.06368207,-0.04389467,-0.07233024,0.0693305,0.04158178,-0.03714919,-0.01597568,-0.04828658,0.03489508,-0.00580496,0.05749677,-0.0462899,0.01889836,-0.00087543,0.07004821,0.08805316,0.02119453,-0.00995444,0.02082048,-0.00803695,-0.08523086,-0.02458493,0.01503046,0.00707869,-0.01180814,0.00534356,-0.036791,-0.01002438,-0.04709367,-0.05895951,0.00228382,-0.08292156,-0.07783576,0.09059193,-0.06274089,-0.00653338,-0.00734643,0.00945851,-0.01663191,0.05752115,0.02687892,-0.02445207,-0.03694287,0.03313438,0.00219774,0.12592639,-0.06381729,-0.04474081,-0.04069519,-0.05762848,-0.03671785,0.06715908,0.02144353,-0.0459768,-0.04501585,-0.0149858,0.03294364,-0.03470968,-0.03042162,-0.00210495,-0.01444308,-0.02921145,0.08887427,0.00360796,0.04288824,0.03472327,-0.04575999,0.01761494,0.09324952,-0.04809267,-0.00288302,0.00959322,-0.0552738,-0.08970993,-0.01368415,-0.0140392,0.03104832,-0.04591426,-0.08719999,-0.01956246,0.02721339,0.02207999,0.01167319,-0.07452854,-0.02427267,-0.04315268,0.09050561,-0.07025554,0.12131545,-0.02255665,-0.0136129,0.02582632,0.00884301,0.00633303,0.00497478,0.00461655,0.02497897,0.00274396,-0.02059381,0.03952159,0.01277268,0.04412636,-0.01841473,-0.01118571,-0.02670365,0.03936191,0.00183878,0.03716125,0.05853128,-0.01114089,-0.03097231,-0.23976518,-0.0059496,-0.00055809,-0.01887491,-0.01348302,-0.02809476,-0.00330478,-0.01871954,0.06857733,0.05572688,0.10522167,0.02961324,-0.0377953,0.04385252,-0.00228395,-0.05533435,-0.00089841,0.01078371,-0.01643791,0.00715481,0.00008037,0.01792154,-0.03661019,-0.01546862,0.03011698,-0.02103262,0.13300732,0.01678429,0.07067121,-0.01975155,0.07215073,0.02485689,0.00215132,-0.07086132,0.08310395,0.04220539,0.00278147,-0.047115,-0.05577499,-0.04163512,0.0088601,0.00791974,-0.01668,-0.08886175,-0.00921048,-0.01558734,0.00974353,0.02425269,-0.06647202,0.00168131,0.01562344,0.00438772,0.04438376,0.0190224,0.04211972,-0.03027081,-0.06853595,-0.01846903,0.03431612,0.08776686,0.00511783,0.02035444,-0.06950047,-0.01331629,0.01073323,-0.01827578,0.00392117,0.00922093,0.00711306,0.02448438,0.0055312,0.10223895,0.02079856,0.0465476,0.06845978,-0.02122826,0.00947574,-0.04622175,-0.00730547,0.01478402,0.03611342,0.01963698,0.04235037,0.0547506,0.00082897,-0.03751329,0.04201395,-0.04540015,-0.00102963,-0.0305838,-0.0598893,-0.02836063,-0.053406,-0.02353854,0.06226866,-0.02219241,-0.32177529,0.0534301,0.03855709,0.0472258,0.04629564,0.0247572,-0.02509111,-0.03980994,-0.0685051,0.00003305,-0.08873189,0.04639734,0.03699754,-0.03076424,0.01467985,-0.02708049,0.07098299,-0.027767,0.08100291,-0.04819084,0.01429318,0.06704494,0.19212906,0.04189513,0.04231347,0.0027839,-0.00147178,0.06098746,0.07345838,0.02750311,0.01546865,-0.05052933,0.06784845,-0.05275031,0.04821606,0.02394371,-0.01151042,0.0370383,0.0362393,-0.03626987,0.01829415,0.06569275,0.0037243,0.00991614,0.10739807,-0.03675181,-0.00340795,-0.08843391,-0.06098277,0.0626192,0.00323148,0.03095231,-0.04270942,-0.00727752,0.03038019,0.06646983,0.06184627,-0.02050731,-0.03154628,-0.00909604,0.01794389,0.01957697,0.07990567,0.01575171,0.0834691],"last_embed":{"tokens":427,"hash":"1454ptx"}}},"text":null,"length":0,"last_read":{"hash":"1454ptx","at":1782976620720},"key":"DYNAMIC_LAUNCH_DECISION.md#Brain 発売時期 動的判断ロジック（2026-07-02 確定）","lines":[1,84],"size":1713,"outlinks":[],"class_name":"SmartBlock"},
"smart_blocks:DYNAMIC_LAUNCH_DECISION.md#Brain 発売時期 動的判断ロジック（2026-07-02 確定）#基本方針": {"path":null,"last_embed":{"hash":null},"embeddings":{},"text":null,"length":0,"last_read":{"hash":"pf3lmz","at":1782976620342},"key":"DYNAMIC_LAUNCH_DECISION.md#Brain 発売時期 動的判断ロジック（2026-07-02 確定）#基本方針","lines":[3,10],"size":156,"outlinks":[],"class_name":"SmartBlock"},
"smart_blocks:DYNAMIC_LAUNCH_DECISION.md#Brain 発売時期 動的判断ロジック（2026-07-02 確定）#基本方針#{1}": {"path":null,"last_embed":{"hash":null},"embeddings":{},"text":null,"length":0,"last_read":{"hash":"frq5k5","at":1782976620342},"key":"DYNAMIC_LAUNCH_DECISION.md#Brain 発売時期 動的判断ロジック（2026-07-02 確定）#基本方針#{1}","lines":[5,6],"size":38,"outlinks":[],"class_name":"SmartBlock"},
"smart_blocks:DYNAMIC_LAUNCH_DECISION.md#Brain 発売時期 動的判断ロジック（2026-07-02 確定）#基本方針#{2}": {"path":null,"last_embed":{"hash":null},"embeddings":{},"text":null,"length":0,"last_read":{"hash":"1at5p83","at":1782976620342},"key":"DYNAMIC_LAUNCH_DECISION.md#Brain 発売時期 動的判断ロジック（2026-07-02 確定）#基本方針#{2}","lines":[7,7],"size":29,"outlinks":[],"class_name":"SmartBlock"},
"smart_blocks:DYNAMIC_LAUNCH_DECISION.md#Brain 発売時期 動的判断ロジック（2026-07-02 確定）#基本方針#{3}": {"path":null,"last_embed":{"hash":null},"embeddings":{},"text":null,"length":0,"last_read":{"hash":"u2dw0h","at":1782976620342},"key":"DYNAMIC_LAUNCH_DECISION.md#Brain 発売時期 動的判断ロジック（2026-07-02 確定）#基本方針#{3}","lines":[8,8],"size":24,"outlinks":[],"class_name":"SmartBlock"},
"smart_blocks:DYNAMIC_LAUNCH_DECISION.md#Brain 発売時期 動的判断ロジック（2026-07-02 確定）#基本方針#{4}": {"path":null,"last_embed":{"hash":null},"embeddings":{},"text":null,"length":0,"last_read":{"hash":"1s3yvyk","at":1782976620342},"key":"DYNAMIC_LAUNCH_DECISION.md#Brain 発売時期 動的判断ロジック（2026-07-02 確定）#基本方針#{4}","lines":[9,10],"size":53,"outlinks":[],"class_name":"SmartBlock"},
"smart_blocks:DYNAMIC_LAUNCH_DECISION.md#Brain 発売時期 動的判断ロジック（2026-07-02 確定）#判断マトリクス（8/15 時点の実測値で判定）": {"path":null,"last_embed":{"hash":"2kfi6v","at":1782976621036},"embeddings":{"TaylorAI/bge-micro-v2":{"vec":[-0.06331668,0.00407396,0.02708536,-0.05020281,-0.0625852,0.09130011,0.00454501,0.01415125,0.06385766,-0.03396185,-0.02069697,-0.04740977,0.03241654,0.09202668,0.0067651,-0.00914767,-0.03950715,-0.02981309,-0.02181249,-0.00270695,0.0783637,-0.01571155,0.03643484,-0.07191527,0.01264284,0.03571971,-0.0065024,0.00389268,-0.015412,-0.15335609,-0.00154033,-0.03574599,0.07008994,-0.06284665,-0.0029256,0.00305276,-0.00754366,0.09037381,-0.02849775,0.05979546,-0.00004422,0.04043654,0.04078547,-0.05180736,0.03629345,-0.0342748,-0.00429794,-0.03532889,-0.01131796,0.03943972,-0.09291402,-0.03836409,-0.01024749,0.02228328,-0.01960519,0.01827005,0.02429121,0.04745893,0.05372788,0.05176247,-0.01620535,0.00386448,-0.19143242,0.00573027,0.00440603,-0.03706926,-0.05799864,-0.02292138,0.09004275,0.02447931,-0.01599998,0.05147202,0.03010655,0.02353729,-0.01168178,-0.03721029,-0.05932734,-0.01582706,-0.01121328,-0.04760072,-0.02373592,0.01451684,-0.03215079,-0.03810452,-0.01609044,0.02822042,0.00166686,-0.038922,-0.00802206,0.07896542,-0.01041703,-0.0038074,0.02860595,0.03644592,-0.10202606,0.0136315,0.03511626,0.0571354,-0.07285374,0.1292145,-0.05348796,0.02278565,-0.01758348,-0.05172046,0.00178501,-0.01729831,-0.04143609,-0.01249784,-0.03535926,0.0175648,0.01299087,-0.04238638,0.0622281,-0.04185491,-0.06843155,0.06377482,0.04670438,-0.0361767,-0.01315394,-0.0458567,0.04451104,-0.00726094,0.05924066,-0.03819701,0.00924775,0.00176422,0.07073928,0.0840262,0.019842,-0.00616475,0.01786909,-0.00153076,-0.08704315,-0.02457871,0.01003949,0.0127807,-0.01537243,0.00005891,-0.03620341,-0.00388125,-0.04780927,-0.05329392,0.00127183,-0.08229233,-0.07602862,0.09411932,-0.06191893,-0.00415326,-0.00721429,0.00445801,-0.01638877,0.05874041,0.02499657,-0.02035618,-0.02971687,0.03130873,0.00538762,0.12882008,-0.05859102,-0.04379138,-0.04826198,-0.05150167,-0.04316745,0.06637306,0.01564489,-0.03515617,-0.05288255,-0.01249326,0.03106648,-0.04471499,-0.03180224,-0.00172657,-0.01353171,-0.02529855,0.07987416,0.00874554,0.04136634,0.0348161,-0.05023691,0.01914514,0.08686338,-0.0510143,-0.01538963,0.00549785,-0.04974681,-0.09045888,-0.01790829,-0.01512458,0.027108,-0.03550507,-0.09100878,-0.02200477,0.02725241,0.02495065,0.01166907,-0.07329768,-0.02712013,-0.03618993,0.08830278,-0.07667927,0.12683989,-0.02747022,-0.02078574,0.02547904,0.01401877,0.00314801,0.00758754,0.00827356,0.02390272,0.00030903,-0.03109546,0.03461067,0.02465529,0.04513639,-0.01529159,-0.00973306,-0.01964606,0.03666221,-0.00093044,0.04314624,0.05904856,-0.02348608,-0.04299527,-0.2369968,0.00054663,-0.00390027,-0.02138104,-0.0103774,-0.03351571,-0.00325813,-0.01530458,0.07102708,0.04473154,0.10278141,0.02304868,-0.03852249,0.04132828,-0.00346401,-0.05026701,0.00541036,0.0075777,-0.01344799,0.00769754,0.00311055,0.01091072,-0.03973817,-0.01377497,0.0378052,-0.03063557,0.12957828,0.01343089,0.07572087,-0.02483497,0.06288307,0.02328089,-0.00455643,-0.0693819,0.07978116,0.03417956,-0.00028737,-0.04992714,-0.05642125,-0.03919048,-0.00296643,0.01068916,-0.02061852,-0.09244686,-0.01084133,-0.01492904,0.00620478,0.02038231,-0.05966914,-0.00206965,0.01701339,0.01054801,0.03630569,0.01789123,0.0334505,-0.02345228,-0.0632298,-0.02237351,0.02881105,0.09511825,-0.00138218,0.02029835,-0.07089491,-0.02731702,0.00473038,-0.00969555,0.01109532,0.00085233,0.01384059,0.03392169,0.01707603,0.10092767,0.02342828,0.05766156,0.07298547,-0.01703587,0.01342429,-0.06139678,-0.00155975,0.02578461,0.03203414,0.02808623,0.04567195,0.05382037,0.00150087,-0.02994367,0.0458387,-0.05944915,0.01095069,-0.03682367,-0.06395109,-0.02862352,-0.04295176,-0.03052009,0.06444512,-0.02775832,-0.31976911,0.05227431,0.0303545,0.04045968,0.03433003,0.03120235,-0.03171973,-0.03990937,-0.06771689,0.00069969,-0.09815447,0.05303422,0.03520873,-0.02675123,0.0138849,-0.03394174,0.07235583,-0.0237913,0.08221032,-0.05754442,0.00433006,0.07051254,0.20166457,0.04428692,0.0401963,0.00154711,-0.00101505,0.06685921,0.08209902,0.02774838,0.0115924,-0.04861381,0.06622063,-0.0423804,0.04874886,0.02744626,-0.01484528,0.03558461,0.03299068,-0.0371321,0.02125286,0.06793311,-0.00471303,0.01253374,0.10719772,-0.03167441,-0.00346374,-0.08036062,-0.05515731,0.06206184,0.00579479,0.03500544,-0.04000925,0.00091145,0.0440281,0.06136714,0.06331027,-0.0189351,-0.04342235,-0.00873127,0.02089838,0.01694803,0.07424316,0.02610601,0.08399147],"last_embed":{"tokens":326,"hash":"2kfi6v"}}},"text":null,"length":0,"last_read":{"hash":"2kfi6v","at":1782976621036},"key":"DYNAMIC_LAUNCH_DECISION.md#Brain 発売時期 動的判断ロジック（2026-07-02 確定）#判断マトリクス（8/15 時点の実測値で判定）","lines":[11,24],"size":429,"outlinks":[],"class_name":"SmartBlock"},
"smart_blocks:DYNAMIC_LAUNCH_DECISION.md#Brain 発売時期 動的判断ロジック（2026-07-02 確定）#判断マトリクス（8/15 時点の実測値で判定）#{1}": {"path":null,"last_embed":{"hash":"10iu1zi","at":1782976621303},"embeddings":{"TaylorAI/bge-micro-v2":{"vec":[-0.06212998,0.00892619,0.02974533,-0.0554836,-0.06544543,0.09135757,0.00850593,0.01002692,0.06768378,-0.03592604,-0.01304837,-0.04870503,0.03267561,0.08613068,0.0046975,-0.01039294,-0.0415316,-0.03174791,-0.01954314,-0.00255193,0.07860711,-0.01704716,0.03207202,-0.07363927,0.00937028,0.03470801,-0.00847567,0.00429828,-0.01503616,-0.15542816,-0.00015371,-0.03064408,0.0672043,-0.06163514,-0.00003693,-0.00389785,-0.0097065,0.0914536,-0.03263624,0.05487523,0.00942027,0.04240196,0.04204696,-0.05188302,0.03644336,-0.03906597,-0.00713043,-0.03036018,-0.00707,0.04596394,-0.08504795,-0.03368469,-0.00841581,0.01799232,-0.02441017,0.01800118,0.02071173,0.0430149,0.05390492,0.0526984,-0.01385432,-0.00096985,-0.19606707,0.00481816,-0.0026519,-0.03806571,-0.05263601,-0.02192676,0.08276607,0.0278834,-0.01654643,0.05680826,0.02815103,0.02892777,-0.01266407,-0.03265837,-0.06103157,-0.01945717,-0.01124658,-0.04809171,-0.02597966,0.01107339,-0.03146824,-0.03564985,-0.01405213,0.02681831,-0.00066971,-0.03788821,-0.00680783,0.07425548,-0.00360443,-0.00672034,0.03352555,0.03642963,-0.10876497,0.01535928,0.04082616,0.06100795,-0.076858,0.13401225,-0.053624,0.02721961,-0.02367779,-0.0551516,0.0020931,-0.0193522,-0.04108703,-0.00619427,-0.0395184,0.01716218,0.01287935,-0.0385162,0.06476869,-0.0422984,-0.06657663,0.06099965,0.04822466,-0.03761724,-0.01201496,-0.04894836,0.04133125,-0.00871088,0.06668054,-0.04016745,0.01342827,0.004082,0.07780799,0.08025277,0.02053062,-0.00963637,0.01799667,-0.00484118,-0.08576598,-0.02937615,0.01283504,0.00807459,-0.01527356,0.00084341,-0.03781129,-0.00806451,-0.04735674,-0.04326145,0.00629218,-0.0777136,-0.07352378,0.09501585,-0.05768562,-0.00666946,-0.00855784,-0.00375091,-0.01467024,0.05539387,0.03096063,-0.02054239,-0.03120765,0.03662956,0.01549971,0.12760392,-0.05770321,-0.05006026,-0.04594617,-0.05014568,-0.04491823,0.07482757,0.01987357,-0.04002409,-0.05015465,-0.01868841,0.02819798,-0.04493541,-0.02934023,-0.00706397,-0.01469446,-0.02030769,0.07994211,0.0089812,0.03626174,0.03174338,-0.04721683,0.0180827,0.08964451,-0.05243298,-0.0191715,0.0082083,-0.04898728,-0.09068289,-0.01459904,-0.00801081,0.02939638,-0.04199542,-0.0943917,-0.02038048,0.02598349,0.0246902,0.01233336,-0.07534423,-0.02922774,-0.04155859,0.08809238,-0.08214315,0.12097812,-0.03027887,-0.01952076,0.03062462,0.01028109,0.00321863,0.00022499,0.00530726,0.02760366,-0.00092678,-0.02517123,0.0343504,0.02401836,0.04184293,-0.01270628,-0.00657327,-0.02064564,0.03432548,-0.00315228,0.04094428,0.05897578,-0.01451102,-0.04008458,-0.24079391,-0.001729,-0.00230774,-0.0231636,-0.00771549,-0.02961984,-0.00240452,-0.01282012,0.06985065,0.04593254,0.09992722,0.01972952,-0.03955685,0.04857979,-0.00100931,-0.04599952,0.00379721,0.00269028,-0.00717665,0.00355185,0.00436747,0.00884044,-0.03957709,-0.01277865,0.03580717,-0.03458399,0.12948465,0.01174356,0.07850094,-0.02875003,0.0592193,0.02570892,-0.00173289,-0.07375261,0.07790212,0.03532385,-0.00304685,-0.05057736,-0.05324659,-0.03833692,0.00144942,0.00888768,-0.02526784,-0.09453569,-0.00419952,-0.01541204,0.0122906,0.02348501,-0.06104654,-0.00214013,0.01738202,0.01148915,0.03836518,0.02013126,0.03506742,-0.02338647,-0.06258666,-0.01968981,0.02408474,0.0972193,-0.00799012,0.01643482,-0.06412777,-0.0298326,0.00468825,-0.0089814,0.01057119,-0.00517083,0.01524012,0.03354941,0.01287726,0.09165548,0.02414449,0.04804584,0.06851384,-0.01853678,0.00930475,-0.05668355,-0.00497051,0.02233396,0.03305844,0.02547453,0.0449874,0.04879727,0.00212381,-0.03319268,0.0420954,-0.05330212,0.01822911,-0.0399619,-0.06188345,-0.03121677,-0.04413829,-0.0320095,0.07173198,-0.02864299,-0.31734431,0.05119943,0.03183404,0.04073459,0.03583685,0.03444665,-0.02779734,-0.03968796,-0.06894229,-0.00147574,-0.08880372,0.05150483,0.02684134,-0.02475013,0.01311874,-0.03782313,0.07592358,-0.02911466,0.08153113,-0.05800505,0.00712496,0.06698647,0.20077616,0.04967536,0.04825072,0.00238659,-0.0043226,0.06417216,0.08347647,0.02843779,0.02218376,-0.04843958,0.06601019,-0.04161175,0.04677183,0.03845628,-0.01175773,0.03390492,0.03841162,-0.02699301,0.02547876,0.06327497,-0.01040168,0.01507361,0.1076772,-0.03322445,-0.00186143,-0.07933363,-0.05535858,0.06774789,0.00434372,0.03511055,-0.03873364,0.0003877,0.03954326,0.05929077,0.06586549,-0.02558076,-0.04397546,-0.00921401,0.01835684,0.02008486,0.07302656,0.02386089,0.08247159],"last_embed":{"tokens":235,"hash":"10iu1zi"}}},"text":null,"length":0,"last_read":{"hash":"10iu1zi","at":1782976621303},"key":"DYNAMIC_LAUNCH_DECISION.md#Brain 発売時期 動的判断ロジック（2026-07-02 確定）#判断マトリクス（8/15 時点の実測値で判定）#{1}","lines":[13,20],"size":298,"outlinks":[],"class_name":"SmartBlock"},
"smart_blocks:DYNAMIC_LAUNCH_DECISION.md#Brain 発売時期 動的判断ロジック（2026-07-02 確定）#判断マトリクス（8/15 時点の実測値で判定）#{2}": {"path":null,"last_embed":{"hash":null},"embeddings":{},"text":null,"length":0,"last_read":{"hash":"1rjsljn","at":1782976620342},"key":"DYNAMIC_LAUNCH_DECISION.md#Brain 発売時期 動的判断ロジック（2026-07-02 確定）#判断マトリクス（8/15 時点の実測値で判定）#{2}","lines":[21,21],"size":37,"outlinks":[],"class_name":"SmartBlock"},
"smart_blocks:DYNAMIC_LAUNCH_DECISION.md#Brain 発売時期 動的判断ロジック（2026-07-02 確定）#判断マトリクス（8/15 時点の実測値で判定）#{3}": {"path":null,"last_embed":{"hash":null},"embeddings":{},"text":null,"length":0,"last_read":{"hash":"17yh7ib","at":1782976620342},"key":"DYNAMIC_LAUNCH_DECISION.md#Brain 発売時期 動的判断ロジック（2026-07-02 確定）#判断マトリクス（8/15 時点の実測値で判定）#{3}","lines":[22,22],"size":40,"outlinks":[],"class_name":"SmartBlock"},
"smart_blocks:DYNAMIC_LAUNCH_DECISION.md#Brain 発売時期 動的判断ロジック（2026-07-02 確定）#判断マトリクス（8/15 時点の実測値で判定）#{4}": {"path":null,"last_embed":{"hash":null},"embeddings":{},"text":null,"length":0,"last_read":{"hash":"1blnajo","at":1782976620342},"key":"DYNAMIC_LAUNCH_DECISION.md#Brain 発売時期 動的判断ロジック（2026-07-02 確定）#判断マトリクス（8/15 時点の実測値で判定）#{4}","lines":[23,24],"size":23,"outlinks":[],"class_name":"SmartBlock"},
"smart_blocks:DYNAMIC_LAUNCH_DECISION.md#Brain 発売時期 動的判断ロジック（2026-07-02 確定）#各発売時期の準備逆算スケジュール": {"path":null,"last_embed":{"hash":"w7cm1g","at":1782976621569},"embeddings":{"TaylorAI/bge-micro-v2":{"vec":[-0.07032783,-0.0044237,0.02172297,-0.04773967,-0.0598127,0.08110364,-0.00234314,0.03255928,0.07315312,-0.02882866,-0.01581273,-0.03187077,0.02863974,0.07585143,0.00846065,-0.00431968,-0.03308923,-0.03358784,-0.03726059,-0.00392915,0.08184388,-0.01463489,0.02738675,-0.05861744,-0.00371135,0.03081639,-0.01670804,-0.00394165,-0.01553156,-0.15631823,-0.00182006,-0.03966181,0.07527587,-0.0546153,0.00878576,0.00192612,-0.01544523,0.08605587,-0.03443381,0.06584325,0.00920043,0.0261948,0.0437833,-0.04494974,0.03303929,-0.02254024,0.01047603,-0.04185664,-0.00730518,0.03506817,-0.08887852,-0.03053122,-0.01302458,0.02336997,-0.0261653,0.01116136,0.02694073,0.04912188,0.05957072,0.03965271,-0.00571459,0.00618926,-0.20363103,0.0030256,-0.01174698,-0.0350634,-0.06287602,-0.01607699,0.07856042,0.01308066,-0.03372193,0.05930777,0.03138664,0.01480663,0.00561229,-0.01612747,-0.05122346,-0.01103733,-0.01623314,-0.04735558,-0.01038454,0.01734418,-0.03658672,-0.03470237,-0.03024581,0.02421252,0.00197321,-0.03947164,0.0040761,0.07060535,-0.01624933,-0.00788561,0.02672885,0.0417133,-0.09668712,0.00401909,0.03451454,0.04617729,-0.07459219,0.13857064,-0.05994046,0.02028578,-0.01273174,-0.05631842,0.00128107,-0.02015556,-0.03832548,-0.01639571,-0.04464829,0.00820352,0.00219207,-0.0411073,0.04590005,-0.046517,-0.06579918,0.066257,0.05443474,-0.02287167,-0.03416101,-0.04743768,0.04327308,-0.00428589,0.06393781,-0.04435609,0.01625072,-0.00326992,0.0794789,0.08195136,0.03011691,-0.00015416,0.02306976,-0.01745155,-0.08207262,-0.0269118,0.00485535,0.01754258,-0.01608447,-0.00153332,-0.02618172,-0.00890638,-0.05012422,-0.05201001,0.00167099,-0.08301864,-0.07651321,0.10208283,-0.06038788,-0.0085314,-0.00428632,0.00808442,-0.03031537,0.06114848,0.01960652,-0.01223539,-0.0396704,0.02247913,0.01548532,0.13540205,-0.06605956,-0.03514668,-0.03828794,-0.06667875,-0.04035693,0.07181733,0.01225773,-0.04182229,-0.0313943,-0.01890763,0.0330945,-0.03400461,-0.03288366,-0.01022664,-0.01913046,-0.02941108,0.08191399,0.01047249,0.04268151,0.02130342,-0.05616447,0.00817857,0.06205476,-0.05777232,-0.00898595,0.00974036,-0.04252959,-0.09192237,-0.00628493,-0.0133917,0.03030307,-0.03982732,-0.09267829,-0.02168761,0.02660123,0.03532342,0.00802619,-0.07583401,-0.01279784,-0.03589997,0.09090494,-0.08409129,0.11745013,-0.0273167,-0.01744027,0.03601529,0.00816633,0.0127168,0.01697432,0.00415852,0.0176082,0.01351635,-0.03187839,0.03907808,0.01062907,0.05381463,-0.02531316,-0.0032604,-0.01855561,0.03207048,0.01213769,0.042864,0.05696516,-0.00905054,-0.02424969,-0.23285025,0.00935105,-0.01899806,-0.03367614,-0.01439562,-0.0296351,-0.01406954,-0.00523532,0.06170693,0.05950464,0.10299354,0.02381811,-0.02522664,0.04621222,0.00425903,-0.04278456,0.00867537,0.00016821,-0.00710016,0.0180329,0.00185237,0.01121405,-0.03225788,-0.00771208,0.04068152,-0.02801736,0.12565972,0.01123946,0.09533918,-0.03102163,0.05503994,0.02305389,0.00323181,-0.07560205,0.07773817,0.02425188,-0.00059553,-0.05278448,-0.05770938,-0.0480797,0.00082415,0.00658224,-0.02932081,-0.10614118,-0.01041253,-0.02168837,0.00704026,0.03386547,-0.06691238,0.01538271,0.0101227,0.00479232,0.05006597,0.01704659,0.0489105,-0.02390718,-0.06817143,-0.01842071,0.03684856,0.08256977,-0.00192681,0.01902313,-0.06779641,-0.01625317,0.01393421,-0.01810839,0.00828447,0.00281036,0.00820955,0.0248109,0.0107738,0.1086472,0.0155957,0.0519164,0.07650622,-0.02405869,-0.00678439,-0.06065313,0.00381509,0.02188382,0.03754421,0.02494498,0.04049549,0.05367468,0.01206918,-0.03946821,0.04262247,-0.02707513,0.01166011,-0.04084488,-0.06462108,-0.02669248,-0.04234538,-0.03187891,0.05834799,-0.01533136,-0.31968719,0.05807694,0.0459323,0.04976364,0.0432053,0.02205945,-0.01691169,-0.02600659,-0.05206431,0.00339361,-0.10735459,0.0571567,0.03738109,-0.02722622,0.0008048,-0.02476495,0.06066912,-0.02502792,0.0983763,-0.04958199,0.00541879,0.06502999,0.19724064,0.03849687,0.03216311,-0.00109626,0.00972242,0.07797992,0.07417091,0.01378965,0.00840368,-0.04478522,0.05536703,-0.03589828,0.03909777,0.02538353,-0.01812993,0.03811157,0.02308238,-0.02998437,-0.00024376,0.05315239,-0.00859018,0.01261486,0.1080526,-0.04036236,-0.00192022,-0.08574593,-0.06655151,0.06289278,0.00165567,0.03111724,-0.02909685,0.00211785,0.03045358,0.08821259,0.06706234,-0.01592819,-0.03677066,-0.02002486,0.02691216,0.03110397,0.07972726,0.03304012,0.07950448],"last_embed":{"tokens":353,"hash":"w7cm1g"}}},"text":null,"length":0,"last_read":{"hash":"w7cm1g","at":1782976621569},"key":"DYNAMIC_LAUNCH_DECISION.md#Brain 発売時期 動的判断ロジック（2026-07-02 確定）#各発売時期の準備逆算スケジュール","lines":[25,47],"size":409,"outlinks":[],"class_name":"SmartBlock"},
"smart_blocks:DYNAMIC_LAUNCH_DECISION.md#Brain 発売時期 動的判断ロジック（2026-07-02 確定）#各発売時期の準備逆算スケジュール#🚀 8月末発売（最大前倒し）シナリオ": {"path":null,"last_embed":{"hash":null},"embeddings":{},"text":null,"length":0,"last_read":{"hash":"x04g3","at":1782976620342},"key":"DYNAMIC_LAUNCH_DECISION.md#Brain 発売時期 動的判断ロジック（2026-07-02 確定）#各発売時期の準備逆算スケジュール#🚀 8月末発売（最大前倒し）シナリオ","lines":[27,33],"size":150,"outlinks":[],"class_name":"SmartBlock"},
"smart_blocks:DYNAMIC_LAUNCH_DECISION.md#Brain 発売時期 動的判断ロジック（2026-07-02 確定）#各発売時期の準備逆算スケジュール#🚀 8月末発売（最大前倒し）シナリオ#{1}": {"path":null,"last_embed":{"hash":null},"embeddings":{},"text":null,"length":0,"last_read":{"hash":"9mmrqf","at":1782976620342},"key":"DYNAMIC_LAUNCH_DECISION.md#Brain 発売時期 動的判断ロジック（2026-07-02 確定）#各発売時期の準備逆算スケジュール#🚀 8月末発売（最大前倒し）シナリオ#{1}","lines":[28,28],"size":12,"outlinks":[],"class_name":"SmartBlock"},
"smart_blocks:DYNAMIC_LAUNCH_DECISION.md#Brain 発売時期 動的判断ロジック（2026-07-02 確定）#各発売時期の準備逆算スケジュール#🚀 8月末発売（最大前倒し）シナリオ#{2}": {"path":null,"last_embed":{"hash":null},"embeddings":{},"text":null,"length":0,"last_read":{"hash":"1uazf4a","at":1782976620342},"key":"DYNAMIC_LAUNCH_DECISION.md#Brain 発売時期 動的判断ロジック（2026-07-02 確定）#各発売時期の準備逆算スケジュール#🚀 8月末発売（最大前倒し）シナリオ#{2}","lines":[29,29],"size":33,"outlinks":[],"class_name":"SmartBlock"},
"smart_blocks:DYNAMIC_LAUNCH_DECISION.md#Brain 発売時期 動的判断ロジック（2026-07-02 確定）#各発売時期の準備逆算スケジュール#🚀 8月末発売（最大前倒し）シナリオ#{3}": {"path":null,"last_embed":{"hash":null},"embeddings":{},"text":null,"length":0,"last_read":{"hash":"tr9i7","at":1782976620342},"key":"DYNAMIC_LAUNCH_DECISION.md#Brain 発売時期 動的判断ロジック（2026-07-02 確定）#各発売時期の準備逆算スケジュール#🚀 8月末発売（最大前倒し）シナリオ#{3}","lines":[30,30],"size":21,"outlinks":[],"class_name":"SmartBlock"},
"smart_blocks:DYNAMIC_LAUNCH_DECISION.md#Brain 発売時期 動的判断ロジック（2026-07-02 確定）#各発売時期の準備逆算スケジュール#🚀 8月末発売（最大前倒し）シナリオ#{4}": {"path":null,"last_embed":{"hash":null},"embeddings":{},"text":null,"length":0,"last_read":{"hash":"dgs4pz","at":1782976620342},"key":"DYNAMIC_LAUNCH_DECISION.md#Brain 発売時期 動的判断ロジック（2026-07-02 確定）#各発売時期の準備逆算スケジュール#🚀 8月末発売（最大前倒し）シナリオ#{4}","lines":[31,31],"size":9,"outlinks":[],"class_name":"SmartBlock"},
"smart_blocks:DYNAMIC_LAUNCH_DECISION.md#Brain 発売時期 動的判断ロジック（2026-07-02 確定）#各発売時期の準備逆算スケジュール#🚀 8月末発売（最大前倒し）シナリオ#{5}": {"path":null,"last_embed":{"hash":null},"embeddings":{},"text":null,"length":0,"last_read":{"hash":"1bweqae","at":1782976620342},"key":"DYNAMIC_LAUNCH_DECISION.md#Brain 発売時期 動的判断ロジック（2026-07-02 確定）#各発売時期の準備逆算スケジュール#🚀 8月末発売（最大前倒し）シナリオ#{5}","lines":[32,33],"size":47,"outlinks":[],"class_name":"SmartBlock"},
"smart_blocks:DYNAMIC_LAUNCH_DECISION.md#Brain 発売時期 動的判断ロジック（2026-07-02 確定）#各発売時期の準備逆算スケジュール#🎯 9月下旬発売シナリオ": {"path":null,"last_embed":{"hash":null},"embeddings":{},"text":null,"length":0,"last_read":{"hash":"10ezagh","at":1782976620342},"key":"DYNAMIC_LAUNCH_DECISION.md#Brain 発売時期 動的判断ロジック（2026-07-02 確定）#各発売時期の準備逆算スケジュール#🎯 9月下旬発売シナリオ","lines":[34,41],"size":157,"outlinks":[],"class_name":"SmartBlock"},
"smart_blocks:DYNAMIC_LAUNCH_DECISION.md#Brain 発売時期 動的判断ロジック（2026-07-02 確定）#各発売時期の準備逆算スケジュール#🎯 9月下旬発売シナリオ#{1}": {"path":null,"last_embed":{"hash":null},"embeddings":{},"text":null,"length":0,"last_read":{"hash":"17tgr77","at":1782976620342},"key":"DYNAMIC_LAUNCH_DECISION.md#Brain 発売時期 動的判断ロジック（2026-07-02 確定）#各発売時期の準備逆算スケジュール#🎯 9月下旬発売シナリオ#{1}","lines":[35,35],"size":27,"outlinks":[],"class_name":"SmartBlock"},
"smart_blocks:DYNAMIC_LAUNCH_DECISION.md#Brain 発売時期 動的判断ロジック（2026-07-02 確定）#各発売時期の準備逆算スケジュール#🎯 9月下旬発売シナリオ#{2}": {"path":null,"last_embed":{"hash":null},"embeddings":{},"text":null,"length":0,"last_read":{"hash":"1uys8lr","at":1782976620342},"key":"DYNAMIC_LAUNCH_DECISION.md#Brain 発売時期 動的判断ロジック（2026-07-02 確定）#各発売時期の準備逆算スケジュール#🎯 9月下旬発売シナリオ#{2}","lines":[36,36],"size":20,"outlinks":[],"class_name":"SmartBlock"},
"smart_blocks:DYNAMIC_LAUNCH_DECISION.md#Brain 発売時期 動的判断ロジック（2026-07-02 確定）#各発売時期の準備逆算スケジュール#🎯 9月下旬発売シナリオ#{3}": {"path":null,"last_embed":{"hash":null},"embeddings":{},"text":null,"length":0,"last_read":{"hash":"289n9s","at":1782976620342},"key":"DYNAMIC_LAUNCH_DECISION.md#Brain 発売時期 動的判断ロジック（2026-07-02 確定）#各発売時期の準備逆算スケジュール#🎯 9月下旬発売シナリオ#{3}","lines":[37,37],"size":30,"outlinks":[],"class_name":"SmartBlock"},
"smart_blocks:DYNAMIC_LAUNCH_DECISION.md#Brain 発売時期 動的判断ロジック（2026-07-02 確定）#各発売時期の準備逆算スケジュール#🎯 9月下旬発売シナリオ#{4}": {"path":null,"last_embed":{"hash":null},"embeddings":{},"text":null,"length":0,"last_read":{"hash":"1sko4yo","at":1782976620342},"key":"DYNAMIC_LAUNCH_DECISION.md#Brain 発売時期 動的判断ロジック（2026-07-02 確定）#各発売時期の準備逆算スケジュール#🎯 9月下旬発売シナリオ#{4}","lines":[38,38],"size":26,"outlinks":[],"class_name":"SmartBlock"},
"smart_blocks:DYNAMIC_LAUNCH_DECISION.md#Brain 発売時期 動的判断ロジック（2026-07-02 確定）#各発売時期の準備逆算スケジュール#🎯 9月下旬発売シナリオ#{5}": {"path":null,"last_embed":{"hash":null},"embeddings":{},"text":null,"length":0,"last_read":{"hash":"1b400ft","at":1782976620342},"key":"DYNAMIC_LAUNCH_DECISION.md#Brain 発売時期 動的判断ロジック（2026-07-02 確定）#各発売時期の準備逆算スケジュール#🎯 9月下旬発売シナリオ#{5}","lines":[39,39],"size":12,"outlinks":[],"class_name":"SmartBlock"},
"smart_blocks:DYNAMIC_LAUNCH_DECISION.md#Brain 発売時期 動的判断ロジック（2026-07-02 確定）#各発売時期の準備逆算スケジュール#🎯 9月下旬発売シナリオ#{6}": {"path":null,"last_embed":{"hash":null},"embeddings":{},"text":null,"length":0,"last_read":{"hash":"1v68njy","at":1782976620342},"key":"DYNAMIC_LAUNCH_DECISION.md#Brain 発売時期 動的判断ロジック（2026-07-02 確定）#各発売時期の準備逆算スケジュール#🎯 9月下旬発売シナリオ#{6}","lines":[40,41],"size":19,"outlinks":[],"class_name":"SmartBlock"},
"smart_blocks:DYNAMIC_LAUNCH_DECISION.md#Brain 発売時期 動的判断ロジック（2026-07-02 確定）#各発売時期の準備逆算スケジュール#⏳ 10月上旬発売（当初予定）シナリオ": {"path":null,"last_embed":{"hash":null},"embeddings":{},"text":null,"length":0,"last_read":{"hash":"13xshco","at":1782976620342},"key":"DYNAMIC_LAUNCH_DECISION.md#Brain 発売時期 動的判断ロジック（2026-07-02 確定）#各発売時期の準備逆算スケジュール#⏳ 10月上旬発売（当初予定）シナリオ","lines":[42,47],"size":79,"outlinks":[],"class_name":"SmartBlock"},
"smart_blocks:DYNAMIC_LAUNCH_DECISION.md#Brain 発売時期 動的判断ロジック（2026-07-02 確定）#各発売時期の準備逆算スケジュール#⏳ 10月上旬発売（当初予定）シナリオ#{1}": {"path":null,"last_embed":{"hash":null},"embeddings":{},"text":null,"length":0,"last_read":{"hash":"9mmrqf","at":1782976620342},"key":"DYNAMIC_LAUNCH_DECISION.md#Brain 発売時期 動的判断ロジック（2026-07-02 確定）#各発売時期の準備逆算スケジュール#⏳ 10月上旬発売（当初予定）シナリオ#{1}","lines":[43,43],"size":12,"outlinks":[],"class_name":"SmartBlock"},
"smart_blocks:DYNAMIC_LAUNCH_DECISION.md#Brain 発売時期 動的判断ロジック（2026-07-02 確定）#各発売時期の準備逆算スケジュール#⏳ 10月上旬発売（当初予定）シナリオ#{2}": {"path":null,"last_embed":{"hash":null},"embeddings":{},"text":null,"length":0,"last_read":{"hash":"12s0pe6","at":1782976620342},"key":"DYNAMIC_LAUNCH_DECISION.md#Brain 発売時期 動的判断ロジック（2026-07-02 確定）#各発売時期の準備逆算スケジュール#⏳ 10月上旬発売（当初予定）シナリオ#{2}","lines":[44,44],"size":18,"outlinks":[],"class_name":"SmartBlock"},
"smart_blocks:DYNAMIC_LAUNCH_DECISION.md#Brain 発売時期 動的判断ロジック（2026-07-02 確定）#各発売時期の準備逆算スケジュール#⏳ 10月上旬発売（当初予定）シナリオ#{3}": {"path":null,"last_embed":{"hash":null},"embeddings":{},"text":null,"length":0,"last_read":{"hash":"1mmo94f","at":1782976620342},"key":"DYNAMIC_LAUNCH_DECISION.md#Brain 発売時期 動的判断ロジック（2026-07-02 確定）#各発売時期の準備逆算スケジュール#⏳ 10月上旬発売（当初予定）シナリオ#{3}","lines":[45,45],"size":10,"outlinks":[],"class_name":"SmartBlock"},
"smart_blocks:DYNAMIC_LAUNCH_DECISION.md#Brain 発売時期 動的判断ロジック（2026-07-02 確定）#各発売時期の準備逆算スケジュール#⏳ 10月上旬発売（当初予定）シナリオ#{4}": {"path":null,"last_embed":{"hash":null},"embeddings":{},"text":null,"length":0,"last_read":{"hash":"75svwd","at":1782976620342},"key":"DYNAMIC_LAUNCH_DECISION.md#Brain 発売時期 動的判断ロジック（2026-07-02 確定）#各発売時期の準備逆算スケジュール#⏳ 10月上旬発売（当初予定）シナリオ#{4}","lines":[46,47],"size":12,"outlinks":[],"class_name":"SmartBlock"},
"smart_blocks:DYNAMIC_LAUNCH_DECISION.md#Brain 発売時期 動的判断ロジック（2026-07-02 確定）#8/15 判断日までの準備タスク（並行進行）": {"path":null,"last_embed":{"hash":"9ninrc","at":1782976621838},"embeddings":{"TaylorAI/bge-micro-v2":{"vec":[-0.07309873,0.00752701,0.02544464,-0.05347872,-0.06379866,0.08634277,0.00739524,0.02129951,0.06560389,-0.04108277,-0.03396404,-0.03778082,0.01329705,0.08495506,0.0047912,-0.01119332,-0.0387843,-0.02192128,-0.0247336,-0.00619806,0.08202866,-0.01145685,0.03566163,-0.06378823,-0.00102474,0.04071151,-0.01140002,0.00765633,-0.01168386,-0.15002939,0.00225333,-0.0426087,0.08239131,-0.05910036,-0.00327568,0.0068082,-0.02054611,0.08926672,-0.03528233,0.06036273,0.00256457,0.03458764,0.04246123,-0.04971135,0.02299489,-0.02907602,0.00112787,-0.03546764,-0.0065591,0.03718548,-0.08864927,-0.03441237,-0.01585197,0.01089544,-0.02562992,0.01564326,0.02055911,0.04160039,0.04750815,0.05521729,-0.00057184,0.00696393,-0.19952063,0.01371062,-0.00963968,-0.03654211,-0.05967712,-0.00908238,0.06971536,0.02997906,-0.02651891,0.05730364,0.02612098,0.03121199,-0.00528353,-0.01683806,-0.05599089,-0.00243571,-0.01612202,-0.04951231,-0.01027701,0.01078957,-0.03081151,-0.03490201,-0.01421593,0.02407345,-0.00017244,-0.03594154,0.00867134,0.0723353,-0.00358546,-0.01134182,0.01988951,0.03806239,-0.10004532,0.01083934,0.0336661,0.04951607,-0.07476484,0.13815548,-0.06163299,0.02798383,-0.01930411,-0.04227033,-0.00326956,-0.02370686,-0.03272096,-0.01334535,-0.0266207,0.02021761,0.01852541,-0.040305,0.05434012,-0.04872039,-0.0650695,0.06116433,0.05143316,-0.03930363,-0.01863329,-0.05744321,0.03812407,-0.00729226,0.05629078,-0.03878094,0.01557429,-0.00983425,0.07247844,0.07108765,0.02923084,-0.01367828,0.02057441,-0.01069127,-0.08680989,-0.02940957,0.0169806,0.01127618,-0.01765241,0.00298125,-0.04218534,-0.00825286,-0.03736781,-0.06245488,0.0091958,-0.07217015,-0.07377561,0.0963968,-0.0625829,-0.01084213,-0.01425761,-0.00005432,-0.03112366,0.06146022,0.02296092,-0.00691193,-0.03452176,0.03608244,0.01359407,0.12569816,-0.06624809,-0.05071137,-0.04540068,-0.05142263,-0.05106534,0.06873388,0.0263176,-0.0518511,-0.03756694,-0.01512869,0.01951699,-0.03954704,-0.02788521,-0.00524247,-0.00960259,-0.01256455,0.0813914,0.0033015,0.04381777,0.02642446,-0.05111454,0.01284914,0.07809553,-0.06231159,-0.02057135,0.00988581,-0.05662233,-0.08915615,-0.00471243,-0.01751535,0.0401852,-0.03666126,-0.0955631,-0.01961045,0.02456774,0.01903642,0.00321094,-0.07233957,-0.01497115,-0.05441405,0.09023264,-0.06651616,0.12109748,-0.0301367,-0.02323466,0.03571361,0.01821853,0.01672973,0.00233114,0.00619791,0.02246745,-0.00315614,-0.01997748,0.03005918,0.02214055,0.04493477,-0.01677918,-0.01611153,-0.01389937,0.04064847,0.00357525,0.05005214,0.05860415,-0.00405476,-0.03376715,-0.23930466,0.00230614,-0.00749972,-0.02501983,-0.01910728,-0.03006308,-0.00428909,-0.02209395,0.07020425,0.05042488,0.10264822,0.01996351,-0.03725122,0.053138,-0.00361234,-0.05632173,-0.01234855,0.0095177,-0.01094943,0.00519048,-0.00045026,0.00468617,-0.02912733,-0.00660184,0.03790036,-0.02130516,0.12714912,0.01828683,0.09324685,-0.02347451,0.05373943,0.04068534,0.00830493,-0.07066939,0.07671916,0.03301395,-0.00224621,-0.04844033,-0.06030465,-0.03249871,0.00063914,0.01211447,-0.01539069,-0.10420504,-0.01722273,-0.01987029,0.02730304,0.01633572,-0.06457942,0.01145681,0.02061357,0.00357887,0.0441139,0.01985871,0.04224124,-0.02173046,-0.06041563,-0.01394139,0.02533431,0.08476765,-0.00734854,0.02772393,-0.06480953,-0.01922512,0.00858297,-0.00876181,0.00667589,-0.00075681,0.00431777,0.02882097,0.01004974,0.10014499,0.02712729,0.04772659,0.06292187,-0.02118428,0.0117166,-0.06344228,-0.00675458,0.02193705,0.02308852,0.03210346,0.05260472,0.05373982,-0.00022862,-0.03469991,0.03986333,-0.04774616,0.02052595,-0.04455223,-0.05523871,-0.02944433,-0.04783814,-0.02944334,0.06634315,-0.02700979,-0.31977749,0.05947765,0.04502814,0.04391207,0.03456681,0.02767079,-0.01616238,-0.03537786,-0.05992843,0.0053484,-0.09616296,0.04549624,0.02751919,-0.02846029,0.0004294,-0.02103651,0.07532886,-0.02214414,0.08700116,-0.06260576,0.00939073,0.07447146,0.19549568,0.05148257,0.04531267,0.00399672,0.00435144,0.06637612,0.08620983,0.01760124,0.01393299,-0.05579329,0.07145625,-0.03567952,0.04333014,0.02351176,-0.01530436,0.03799519,0.04009677,-0.02607973,0.00778933,0.06529787,-0.01023524,0.00928033,0.10662879,-0.0397425,-0.00486712,-0.0897333,-0.05589711,0.06734223,0.00302118,0.03259332,-0.03960763,-0.00890553,0.03626312,0.06721435,0.0582593,-0.02289065,-0.03546892,-0.00269543,0.01802603,0.01997674,0.07939491,0.02680088,0.09054314],"last_embed":{"tokens":266,"hash":"9ninrc"}}},"text":null,"length":0,"last_read":{"hash":"9ninrc","at":1782976621838},"key":"DYNAMIC_LAUNCH_DECISION.md#Brain 発売時期 動的判断ロジック（2026-07-02 確定）#8/15 判断日までの準備タスク（並行進行）","lines":[48,63],"size":314,"outlinks":[],"class_name":"SmartBlock"},
"smart_blocks:DYNAMIC_LAUNCH_DECISION.md#Brain 発売時期 動的判断ロジック（2026-07-02 確定）#8/15 判断日までの準備タスク（並行進行）#{1}": {"path":null,"last_embed":{"hash":"1t05wng","at":1782976622104},"embeddings":{"TaylorAI/bge-micro-v2":{"vec":[-0.07444707,0.00686625,0.0239547,-0.05394551,-0.06559137,0.0867721,0.00670751,0.02286139,0.06701699,-0.04069082,-0.03276984,-0.03812687,0.01367044,0.08497415,0.00460451,-0.01272151,-0.03739285,-0.02405653,-0.02544382,-0.00693224,0.08308277,-0.0093361,0.03604254,-0.06427086,-0.00103729,0.04235674,-0.01115623,0.00790184,-0.01141407,-0.14906281,-0.00027782,-0.04203507,0.08388583,-0.05969857,-0.00190632,0.00775391,-0.02145188,0.08881008,-0.03524181,0.05931181,0.0052172,0.03722111,0.04351918,-0.04961319,0.02025911,-0.02994347,0.00110914,-0.03580039,-0.0058431,0.03683714,-0.08811903,-0.03328003,-0.0158259,0.01094488,-0.02576263,0.0144021,0.02116513,0.04019966,0.04736255,0.05494122,0.00082431,0.00690355,-0.19977732,0.01403013,-0.01027391,-0.03692473,-0.06163116,-0.00776002,0.0688541,0.03169981,-0.02782915,0.05623091,0.02778096,0.03071793,-0.00387265,-0.01815319,-0.0566027,-0.00275813,-0.01713867,-0.04856594,-0.00961033,0.01100866,-0.0305372,-0.0343833,-0.0155214,0.02432026,0.00100919,-0.03713204,0.00923022,0.07279513,-0.00557706,-0.01209026,0.0193557,0.03826606,-0.09755073,0.0100202,0.03272487,0.04983547,-0.07483144,0.13651207,-0.06160762,0.02614694,-0.01950188,-0.03998812,-0.00443573,-0.02270609,-0.03061096,-0.01412647,-0.02480344,0.01994298,0.01733956,-0.04041776,0.0524888,-0.04857647,-0.06606727,0.06139212,0.05061405,-0.04049252,-0.0214782,-0.057497,0.03925907,-0.00816053,0.05559709,-0.04078015,0.0138833,-0.01138069,0.07250523,0.07166554,0.02891031,-0.01398282,0.02213366,-0.01120753,-0.08874692,-0.02977148,0.01944398,0.01036795,-0.01746289,0.00281801,-0.04420754,-0.01087753,-0.03707835,-0.06311259,0.01049713,-0.07247321,-0.07358186,0.09848514,-0.06130105,-0.00865667,-0.01528781,0.00010969,-0.03185106,0.06290995,0.02282449,-0.00730569,-0.03296958,0.03650654,0.01738214,0.12606673,-0.06635875,-0.05006457,-0.04838012,-0.05005562,-0.05030667,0.0696912,0.02724026,-0.05164678,-0.03653067,-0.01378902,0.01877093,-0.04044878,-0.02664091,-0.00452166,-0.01072481,-0.01131822,0.08110106,0.0028519,0.04372992,0.02499343,-0.05044565,0.01488531,0.07913198,-0.0632185,-0.02187904,0.01022264,-0.05601712,-0.08912371,-0.00628937,-0.01641537,0.03820505,-0.03726866,-0.09476128,-0.01988932,0.02337012,0.02003951,0.00069002,-0.07396051,-0.01636309,-0.05562593,0.08966582,-0.06582913,0.12294199,-0.03179454,-0.02395844,0.03494031,0.01993936,0.01611012,0.00349575,0.00663702,0.02210594,-0.00492712,-0.02087244,0.02845095,0.02336219,0.04713838,-0.01608444,-0.01545937,-0.01424232,0.039154,0.00339983,0.04989147,0.05809652,-0.00407085,-0.03432701,-0.2378794,0.0007447,-0.0071649,-0.02766462,-0.01941465,-0.02821448,-0.00393719,-0.02179303,0.07132491,0.05049412,0.10399026,0.01831138,-0.03634911,0.05019725,-0.00372839,-0.0561339,-0.01313809,0.0113396,-0.00941119,0.00453419,0.00146402,0.00357713,-0.02812084,-0.0058394,0.03829787,-0.02034658,0.1269031,0.01843292,0.09213634,-0.02301162,0.05334647,0.03912117,0.00997249,-0.07111464,0.077384,0.0325388,-0.00519161,-0.04815383,-0.06099451,-0.03165525,0.00000841,0.01226254,-0.01381995,-0.10451751,-0.01702069,-0.01994546,0.02913621,0.01632871,-0.0625322,0.01310205,0.02111346,0.00291485,0.04452718,0.02144954,0.04168231,-0.02261879,-0.06021734,-0.01280601,0.02479536,0.08328171,-0.00821234,0.02685488,-0.06362491,-0.01926276,0.00645807,-0.009465,0.00677409,-0.00177869,0.002437,0.03036743,0.01271884,0.09868137,0.02556798,0.04716815,0.06516388,-0.02043059,0.01334452,-0.06339285,-0.00575018,0.02148288,0.02209159,0.03171644,0.05279552,0.05473721,-0.00088968,-0.03426508,0.04048397,-0.04802568,0.02085311,-0.04453236,-0.0530603,-0.03164368,-0.0471949,-0.02877737,0.06446926,-0.02677148,-0.32118171,0.05990849,0.04396069,0.04425004,0.03413748,0.02799659,-0.01728262,-0.03522464,-0.056641,0.00363302,-0.09813394,0.04482497,0.02680092,-0.03221079,0.00011233,-0.02068017,0.07406136,-0.02062672,0.08766995,-0.05922475,0.00955098,0.07463047,0.1942482,0.05189313,0.04594393,0.00124603,0.00408912,0.06656232,0.08833935,0.01804592,0.01409258,-0.05585852,0.07284362,-0.03337656,0.04276656,0.02185153,-0.01460055,0.03721215,0.03899859,-0.02451021,0.00818829,0.06459235,-0.0099154,0.00917266,0.10722435,-0.03909883,-0.00510667,-0.08853994,-0.05444377,0.06795952,0.00330132,0.03093585,-0.0376852,-0.00697701,0.03703902,0.06571686,0.05826816,-0.02300174,-0.03577037,-0.00361158,0.01874586,0.0195543,0.07912645,0.02741857,0.09169391],"last_embed":{"tokens":265,"hash":"1t05wng"}}},"text":null,"length":0,"last_read":{"hash":"1t05wng","at":1782976622104},"key":"DYNAMIC_LAUNCH_DECISION.md#Brain 発売時期 動的判断ロジック（2026-07-02 確定）#8/15 判断日までの準備タスク（並行進行）#{1}","lines":[50,63],"size":287,"outlinks":[],"class_name":"SmartBlock"},
"smart_blocks:DYNAMIC_LAUNCH_DECISION.md#Brain 発売時期 動的判断ロジック（2026-07-02 確定）#判断後のリスケジュール": {"path":null,"last_embed":{"hash":null},"embeddings":{},"text":null,"length":0,"last_read":{"hash":"1ktb1bc","at":1782976620342},"key":"DYNAMIC_LAUNCH_DECISION.md#Brain 発売時期 動的判断ロジック（2026-07-02 確定）#判断後のリスケジュール","lines":[64,69],"size":129,"outlinks":[],"class_name":"SmartBlock"},
"smart_blocks:DYNAMIC_LAUNCH_DECISION.md#Brain 発売時期 動的判断ロジック（2026-07-02 確定）#判断後のリスケジュール#{1}": {"path":null,"last_embed":{"hash":null},"embeddings":{},"text":null,"length":0,"last_read":{"hash":"dlxyqw","at":1782976620342},"key":"DYNAMIC_LAUNCH_DECISION.md#Brain 発売時期 動的判断ロジック（2026-07-02 確定）#判断後のリスケジュール#{1}","lines":[66,66],"size":55,"outlinks":[],"class_name":"SmartBlock"},
"smart_blocks:DYNAMIC_LAUNCH_DECISION.md#Brain 発売時期 動的判断ロジック（2026-07-02 確定）#判断後のリスケジュール#{2}": {"path":null,"last_embed":{"hash":null},"embeddings":{},"text":null,"length":0,"last_read":{"hash":"1k5iele","at":1782976620342},"key":"DYNAMIC_LAUNCH_DECISION.md#Brain 発売時期 動的判断ロジック（2026-07-02 確定）#判断後のリスケジュール#{2}","lines":[67,67],"size":35,"outlinks":[],"class_name":"SmartBlock"},
"smart_blocks:DYNAMIC_LAUNCH_DECISION.md#Brain 発売時期 動的判断ロジック（2026-07-02 確定）#判断後のリスケジュール#{3}": {"path":null,"last_embed":{"hash":null},"embeddings":{},"text":null,"length":0,"last_read":{"hash":"myuzn0","at":1782976620342},"key":"DYNAMIC_LAUNCH_DECISION.md#Brain 発売時期 動的判断ロジック（2026-07-02 確定）#判断後のリスケジュール#{3}","lines":[68,69],"size":21,"outlinks":[],"class_name":"SmartBlock"},
"smart_blocks:DYNAMIC_LAUNCH_DECISION.md#Brain 発売時期 動的判断ロジック（2026-07-02 確定）#週次モニタリング体制": {"path":null,"last_embed":{"hash":"1rjb4l1","at":1782976622371},"embeddings":{"TaylorAI/bge-micro-v2":{"vec":[-0.0676536,0.0061202,0.03765113,-0.06745749,-0.06957752,0.05216478,0.00028842,0.02498624,0.09194608,-0.04459664,-0.04177494,-0.04709311,0.04877082,0.07215822,0.00855986,-0.03249126,-0.0285451,-0.03574016,-0.0442928,-0.00287146,0.07204649,-0.01709594,0.02915866,-0.05946036,0.00909251,0.03552302,-0.00579679,0.00712059,0.00800221,-0.15935457,-0.01398786,-0.0434579,0.07706837,-0.05341512,-0.00606237,-0.02886801,-0.00402853,0.07952441,-0.06046643,0.04718202,-0.00017836,0.05479516,0.02775206,-0.05160736,0.04876326,-0.02757344,0.00364003,-0.03625487,0.00342895,0.01622176,-0.06905394,-0.0211959,-0.00485159,0.01097493,-0.03099463,0.01674062,0.02131911,0.02069114,0.05627628,0.05874789,0.03080752,0.00734507,-0.20071764,0.02905424,-0.00692757,-0.02942608,-0.06083611,-0.03855903,0.0583399,0.03617053,-0.04254579,0.03156879,0.01013284,0.0358268,-0.00696954,-0.01439765,-0.06119811,-0.04161543,-0.02298636,-0.05562875,-0.01719942,0.00662353,-0.02171554,-0.02350394,0.00539932,0.04052619,0.01544233,-0.03294161,0.00878191,0.07720091,-0.00808362,-0.00714994,0.0465458,0.03667965,-0.09880053,0.01223544,0.05028455,0.06285648,-0.07977112,0.13378562,-0.07528409,0.01140456,-0.02578775,-0.0649896,0.02172687,-0.00875478,-0.0176496,-0.01233725,-0.03721891,-0.02569804,0.01101284,-0.03504556,0.03222664,-0.0547819,-0.06542456,0.05070107,0.05007149,-0.04469327,0.00327044,-0.0299271,0.03589976,-0.00851051,0.05600893,-0.0386064,0.03185304,0.00781903,0.0842151,0.07747941,0.0196864,-0.00225266,0.00898343,-0.02496303,-0.08081902,-0.03040746,0.01034176,0.0241536,-0.01478834,0.00291667,-0.01958799,-0.00371884,-0.02895066,-0.05434998,0.01153056,-0.06196314,-0.06376157,0.0855796,-0.04736034,-0.01479945,-0.0001347,-0.00183712,-0.01207355,0.06914828,0.02771073,-0.00580247,-0.06275279,0.03420322,0.03697684,0.13322872,-0.05347767,-0.03191169,-0.00670945,-0.04846338,-0.05031256,0.09479778,0.03662254,-0.07142851,-0.03118035,-0.01107416,0.03529337,-0.04705345,-0.03029335,0.00680803,-0.04183465,-0.01933572,0.07581205,-0.0025214,0.03252601,0.01613444,-0.06209477,0.02402741,0.08404654,-0.06715077,-0.03372262,0.02178239,-0.05399552,-0.08256719,-0.02706848,0.00168446,0.04127527,-0.01857292,-0.11505099,-0.01825206,0.03403124,0.03700302,0.00832998,-0.04913457,-0.04619742,-0.05541906,0.09705948,-0.08090258,0.13995455,0.00168809,-0.03257694,-0.00075589,0.02259934,0.00813112,0.01559862,0.00000974,0.01152159,0.02000296,-0.02340959,0.03968843,0.03948193,0.04082548,-0.00857922,-0.00771294,-0.02060785,0.01379571,-0.01540924,0.04427049,0.06347429,0.01483895,-0.05812895,-0.23828207,0.01699553,-0.00774135,-0.01852838,-0.00466456,-0.02939513,-0.00604176,-0.02733377,0.09176415,0.06138853,0.10404915,0.05176223,-0.03295247,0.01592213,-0.02220005,-0.05320862,0.00628113,-0.01979571,-0.0251333,-0.000676,-0.00985426,0.01951373,-0.02580909,-0.02166727,0.05564659,-0.03804722,0.11660373,0.025652,0.06300232,-0.05856134,0.05529556,0.0547402,0.01438301,-0.06984146,0.06286928,0.04466329,0.02630355,-0.05489132,-0.03807111,-0.04025491,0.01907307,0.0027423,-0.03501613,-0.11109456,-0.00307429,-0.04269613,0.00694875,0.00535389,-0.05221287,0.01076469,0.02535435,-0.00433656,0.02824754,0.0253136,0.01855289,-0.02386112,-0.04700896,0.00160465,0.02798953,0.08195807,0.00913216,0.01244197,-0.04034278,-0.03028667,0.0201314,-0.00734783,0.0020547,0.00266342,-0.00213597,0.02054374,0.0106618,0.09672029,0.03860501,0.0612949,0.03671755,-0.01381142,0.00800747,-0.04936923,-0.01982569,0.00005839,0.02118184,0.02088078,0.05868498,0.03890322,0.00037334,-0.02334118,0.02126154,-0.05220254,0.01733633,-0.03197357,-0.04998519,-0.0138226,-0.06186958,-0.03879843,0.05749099,-0.02858829,-0.31442136,0.04227228,0.02387686,0.03732688,0.03999489,0.03012664,-0.00338282,-0.0108323,-0.07841761,0.0214898,-0.09179398,0.04941715,0.02924423,-0.01007017,0.00211184,-0.02677575,0.08259728,-0.02394013,0.06552325,-0.06504195,-0.00114797,0.0398232,0.19895318,0.06873292,0.0570299,-0.00499604,-0.00257895,0.05248842,0.10374639,0.01179738,0.008656,-0.04380428,0.05478218,-0.03008891,0.04694357,0.0351392,-0.01078592,0.02688024,0.03517744,-0.01883809,0.02065493,0.04055345,0.01940413,-0.00232437,0.09623827,-0.03787479,-0.00352785,-0.08145687,-0.04536898,0.05395175,-0.00823311,0.01081036,-0.05103125,0.00007336,0.04553566,0.0708039,0.06356198,-0.03143003,-0.01773852,-0.00420453,0.02881159,0.02691111,0.05549601,0.02969734,0.08456191],"last_embed":{"tokens":199,"hash":"1rjb4l1"}}},"text":null,"length":0,"last_read":{"hash":"1rjb4l1","at":1782976622371},"key":"DYNAMIC_LAUNCH_DECISION.md#Brain 発売時期 動的判断ロジック（2026-07-02 確定）#週次モニタリング体制","lines":[70,84],"size":233,"outlinks":[],"class_name":"SmartBlock"},
"smart_blocks:DYNAMIC_LAUNCH_DECISION.md#Brain 発売時期 動的判断ロジック（2026-07-02 確定）#週次モニタリング体制#{1}": {"path":null,"last_embed":{"hash":null},"embeddings":{},"text":null,"length":0,"last_read":{"hash":"1o3lgoy","at":1782976620342},"key":"DYNAMIC_LAUNCH_DECISION.md#Brain 発売時期 動的判断ロジック（2026-07-02 確定）#週次モニタリング体制#{1}","lines":[72,73],"size":43,"outlinks":[],"class_name":"SmartBlock"},
"smart_blocks:DYNAMIC_LAUNCH_DECISION.md#Brain 発売時期 動的判断ロジック（2026-07-02 確定）#週次モニタリング体制#{2}": {"path":null,"last_embed":{"hash":null},"embeddings":{},"text":null,"length":0,"last_read":{"hash":"1mn5abz","at":1782976620342},"key":"DYNAMIC_LAUNCH_DECISION.md#Brain 発売時期 動的判断ロジック（2026-07-02 確定）#週次モニタリング体制#{2}","lines":[74,74],"size":24,"outlinks":[],"class_name":"SmartBlock"},
"smart_blocks:DYNAMIC_LAUNCH_DECISION.md#Brain 発売時期 動的判断ロジック（2026-07-02 確定）#週次モニタリング体制#{3}": {"path":null,"last_embed":{"hash":null},"embeddings":{},"text":null,"length":0,"last_read":{"hash":"yi9x8n","at":1782976620342},"key":"DYNAMIC_LAUNCH_DECISION.md#Brain 発売時期 動的判断ロジック（2026-07-02 確定）#週次モニタリング体制#{3}","lines":[75,75],"size":21,"outlinks":[],"class_name":"SmartBlock"},
"smart_blocks:DYNAMIC_LAUNCH_DECISION.md#Brain 発売時期 動的判断ロジック（2026-07-02 確定）#週次モニタリング体制#{4}": {"path":null,"last_embed":{"hash":null},"embeddings":{},"text":null,"length":0,"last_read":{"hash":"9k9ihr","at":1782976620342},"key":"DYNAMIC_LAUNCH_DECISION.md#Brain 発売時期 動的判断ロジック（2026-07-02 確定）#週次モニタリング体制#{4}","lines":[76,76],"size":20,"outlinks":[],"class_name":"SmartBlock"},
"smart_blocks:DYNAMIC_LAUNCH_DECISION.md#Brain 発売時期 動的判断ロジック（2026-07-02 確定）#週次モニタリング体制#{5}": {"path":null,"last_embed":{"hash":null},"embeddings":{},"text":null,"length":0,"last_read":{"hash":"12m1g7m","at":1782976620342},"key":"DYNAMIC_LAUNCH_DECISION.md#Brain 発売時期 動的判断ロジック（2026-07-02 確定）#週次モニタリング体制#{5}","lines":[77,78],"size":21,"outlinks":[],"class_name":"SmartBlock"},
"smart_blocks:DYNAMIC_LAUNCH_DECISION.md#Brain 発売時期 動的判断ロジック（2026-07-02 確定）#週次モニタリング体制#{6}": {"path":null,"last_embed":{"hash":null},"embeddings":{},"text":null,"length":0,"last_read":{"hash":"1lehpv6","at":1782976620342},"key":"DYNAMIC_LAUNCH_DECISION.md#Brain 発売時期 動的判断ロジック（2026-07-02 確定）#週次モニタリング体制#{6}","lines":[79,84],"size":84,"outlinks":[],"class_name":"SmartBlock"},